1 1  1.0000000000000e-01
8 1 -1.6799998000000e-01
9 1 -1.2999999000000e-01
10 1  4.7999993000000e-01
11 1  3.8999999000000e-01
18 1 -4.8447317000000e-01
19 1 -2.2075117000000e-01
21 1 -2.9290996000000e-01
23 1 -6.2654972000000e-01
24 1 -7.0829988000000e-01
26 1 -7.8699946000000e-01
27 1 -3.2299990000000e-01
28 1 -1.1639997000000e-01
29 1 -3.3610000000000e-01
30 1 -1.1248998000000e-01
31 1 -4.6769977000000e-01
32 1 -2.7599977000000e-01
33 1 -1.6865470000000e-01
34 1 -7.1369968000000e-01
36 1 -1.6909998000000e-01
37 1 -4.2598996000000e-01
38 1 -6.2079988000000e-01
40 1 -4.5089982000000e-01
41 1 -1.9649998000000e-01
42 1 -1.2181997000000e-01
43 1 -3.3880000000000e-01
44 1 -1.5303999000000e-01
45 1 -1.5003998000000e-01
47 1 -2.0860100000000e-01
48 1 -2.9384997000000e-01
49 1 -1.0185998000000e-01
50 1 -3.9423198000000e-01
55 1  2.4758654000000e-01
99 1  1.8999998000000e-01
100 1  1.0179996000000e-01
101 1  5.5000000000000e-01
2 2 -1.0000000000000e-01
1 3  1.0000000000000e-01
2 3 -1.0000000000000e-01
3 3 -1.0000000000000e-01
1 4  1.0000000000000e-01
4 4 -1.0000000000000e-01
8 4 -1.8924021000000e-01
9 4 -1.0956980000000e-01
10 4 -1.3181899000000e-01
11 4 -2.2969831000000e-01
18 4 -2.0093018000000e-01
20 4 -2.7052443000000e-01
21 4 -9.9918828000000e-01
23 4 -9.2781782000000e-01
24 4 -2.4597212000000e-01
25 4 -6.3919020000000e-01
26 4 -1.6165760000000e-01
27 4 -2.4970132000000e-01
28 4 -3.3441936000000e-01
29 4 -3.7551012000000e-01
30 4 -1.1588279000000e-01
31 4 -1.5438639000000e-01
32 4 -3.2647175000000e-01
33 4 -8.7737059000000e-01
34 4 -6.7870244000000e-01
36 4 -9.0185553000000e-01
37 4 -9.7073466000000e-01
38 4 -2.0179020000000e-01
39 4 -3.5426018000000e-01
40 4 -1.4580579000000e-01
41 4 -5.9652105000000e-01
42 4 -1.3571236000000e-01
43 4 -2.4468470000000e-01
44 4 -5.7245269000000e-01
45 4 -1.4519207000000e-01
46 4 -2.1046495000000e-01
47 4 -1.0956977000000e-01
48 4 -1.2739275000000e-01
49 4 -1.2315962000000e-01
50 4 -9.8151743000000e-01
99 4  5.5900000000000e-01
5 5 -1.0000000000000e-01
1 6 -1.0000000000000e-01
6 6 -1.0000000000000e-01
96 6  1.3299998000000e-01
1 7  1.0000000000000e-01
7 7 -1.0000000000000e-01
96 7  1.3299998000000e-01
8 8  8.9999998000000e-01
9 8 -1.2889999000000e-01
10 8 -2.4382000000000e-01
11 8 -8.9999987000000e-01
18 8 -1.4490518000000e-01
22 8 -4.8799993000000e-01
23 8 -4.4207297000000e-01
24 8 -1.3465170000000e-01
26 8 -3.9079995000000e-01
27 8 -4.8799993000000e-01
29 8 -3.4189993000000e-01
31 8 -7.3269987000000e-01
32 8 -1.4654000000000e-01
33 8  1.7297918000000e-01
34 8 -1.0257999000000e-01
36 8 -3.4189993000000e-01
37 8 -2.5400999000000e-01
40 8 -1.4165998000000e-01
41 8 -2.4420000000000e-01
42 8 -2.4420000000000e-01
45 8 -1.1156149000000e-01
46 8 -4.5427978000000e-01
47 8 -2.5986999000000e-01
48 8 -1.3481997000000e-01
49 8 -1.5142998000000e-01
50 8 -2.0076398000000e-01
54 8  4.5443398000000e-01
55 8  2.0418829000000e-01
56 8  3.8299996000000e-01
58 8  3.7999999000000e-01
99 8  4.4760000000000e-01
9 9  8.4999996000000e-01
18 9 -1.0657208000000e-01
22 9 -1.4239999000000e-01
24 9 -9.8992884000000e-01
26 9 -5.3399999000000e-01
27 9 -8.8999996000000e-01
29 9 -8.8999996000000e-01
30 9 -1.7799990000000e-01
31 9 -6.3189981000000e-01
32 9 -1.9935998000000e-01
33 9 -4.1339327000000e-01
36 9 -2.6700000000000e-01
37 9 -4.0939986000000e-01
38 9 -1.7799990000000e-01
40 9 -1.0680000000000e-01
41 9 -1.3349999000000e-01
42 9 -1.6020000000000e-01
45 9 -8.6281030000000e-01
46 9 -1.1658999000000e-01
47 9 -2.7500999000000e-01
48 9 -1.3616998000000e-01
49 9 -2.2249999000000e-01
50 9 -1.3510197000000e-01
54 9  2.4461645000000e-01
55 9  5.5750038000000e-01
56 9  7.6599956000000e-01
59 9  4.6899997000000e-01
99 9  6.0599968000000e-01
102 9  5.2023977000000e-01
132 9  5.5555999000000e-01
10 10  8.4999996000000e-01
18 10 -2.6720087000000e-01
22 10 -3.2999995000000e-01
24 10 -2.4768698000000e-01
26 10 -1.0500000000000e-01
30 10 -1.5000000000000e-01
31 10 -3.3499999000000e-01
32 10 -7.0499978000000e-01
33 10 -5.3096507000000e-01
36 10 -2.9999996000000e-01
37 10 -2.4499977000000e-01
38 10 -1.5000000000000e-01
40 10 -1.2999999000000e-01
41 10 -6.6499994000000e-01
42 10 -7.9999998000000e-01
45 10 -2.1647019000000e-01
46 10 -7.2999997000000e-01
47 10 -3.1049999000000e-01
48 10 -9.2999986000000e-01
49 10 -1.3499999000000e-01
50 10 -7.7549964000000e-01
54 10  6.1409999000000e-01
55 10  1.3991237000000e-01
56 10  5.5599999000000e-01
60 10  6.1999969000000e-01
99 10  3.7499999000000e-01
102 10  1.8051998000000e-01
132 10  3.3999997000000e-01
11 11  8.4999996000000e-01
18 11 -1.7881919000000e-01
22 11 -1.1479999000000e-01
24 11 -1.6580699000000e-01
26 11 -2.0089999000000e-01
27 11 -4.4689979000000e-01
29 11 -1.6399994000000e-01
30 11 -2.0499996000000e-01
31 11 -1.8449999000000e-01
32 11 -1.2013000000000e-01
33 11 -1.2405850000000e-01
36 11 -2.4599998000000e-01
37 11 -2.2550000000000e-01
38 11 -4.0999994000000e-01
40 11 -5.3299998000000e-01
41 11 -2.5829999000000e-01
42 11 -4.5099994000000e-01
44 11 -4.0999994000000e-01
45 11 -1.4533699000000e-01
46 11 -4.7149998000000e-01
47 11 -2.1237999000000e-01
48 11 -5.3709978000000e-01
49 11 -9.8399993000000e-01
50 11 -3.9482974000000e-01
54 11  4.0939998000000e-01
55 11  9.3343183000000e-01
56 11  3.2599997000000e-01
61 11  2.2999998000000e-01
99 11  2.1559999000000e-01
102 11  1.1107998000000e-01
132 11  3.9219998000000e-01
12 12  1.0000000000000e-01
13 13  1.0000000000000e-01
14 14  1.0000000000000e-01
15 15  1.0000000000000e-01
16 16  1.0000000000000e-01
17 17  1.0000000000000e-01
18 18  1.0000000000000e-01
19 19  1.0000000000000e-01
20 20  1.0000000000000e-01
18 21 -7.1522035000000e-01
21 21  8.4999996000000e-01
22 21 -2.7999999000000e-01
24 21 -6.8103969000000e-01
26 21 -4.8999973000000e-01
27 21 -1.0899998000000e-01
29 21 -3.9999979000000e-01
30 21 -4.9999985000000e-01
31 21 -4.4999979000000e-01
32 21 -2.9299997000000e-01
33 21 -2.8109115000000e-01
36 21 -5.9999991000000e-01
37 21 -5.5000000000000e-01
38 21 -9.9999990000000e-01
40 21 -1.2999999000000e-01
41 21 -6.2999986000000e-01
42 21 -1.1000000000000e-01
44 21 -9.9999990000000e-01
45 21 -6.7959987000000e-01
46 21 -1.1499997000000e-01
47 21 -5.1799998000000e-01
48 21 -1.3099998000000e-01
49 21 -2.3999999000000e-01
50 21 -9.6299946000000e-01
54 21  9.0863299000000e-01
55 21  3.3587199000000e-01
56 21  7.2979999000000e-01
62 21  1.5849996000000e-01
99 21  4.9009997000000e-01
102 21  1.4599998000000e-01
132 21  3.1849998000000e-01
18 22 -5.1858544000000e-01
19 22 -1.2869606000000e-01
20 22 -1.4220387000000e-01
22 22  1.0000000000000e-01
24 22 -1.2693897000000e-01
25 22 -2.3822900000000e-01
26 22 -3.8580538000000e-01
27 22 -1.2423568000000e-01
29 22 -7.6742768000000e-01
30 22 -8.0479018000000e-01
31 22 -1.2413517000000e-01
32 22 -1.1565570000000e-01
34 22 -1.4890738000000e-01
35 22 -1.5428618000000e-01
36 22 -3.3876907000000e-01
37 22 -5.8803782000000e-01
38 22 -3.0609523000000e-01
40 22 -6.8064779000000e-01
41 22 -3.5620339000000e-01
42 22 -2.4948840000000e-01
43 22 -2.1741114000000e-01
44 22 -2.2189929000000e-01
45 22 -2.4595838000000e-01
46 22 -9.3407594000000e-01
47 22 -1.9529358000000e-01
48 22 -8.8236034000000e-01
49 22 -1.8964279000000e-01
50 22 -7.3816001000000e-01
54 22  5.3469998000000e-01
55 22  7.5326997000000e-01
56 22  2.8149998000000e-01
72 22  8.0599964000000e-01
99 22  3.9999999000000e-01
103 22  2.4709997000000e-01
18 23 -1.3409740000000e-01
19 23 -2.6455045000000e-01
20 23 -1.2400466000000e-01
22 23 -2.3912470000000e-01
23 23  1.0000000000000e-01
24 23 -2.3408739000000e-01
25 23 -3.2529142000000e-01
26 23 -2.8172138000000e-01
27 23 -2.3831818000000e-01
29 23 -5.3337857000000e-01
30 23 -1.1014998000000e-01
31 23 -1.5124038000000e-01
32 23 -9.1329925000000e-01
34 23 -7.6556243000000e-01
36 23 -1.9368209000000e-01
37 23 -4.1141845000000e-01
40 23 -4.9087018000000e-01
41 23 -4.9601048000000e-01
42 23 -1.2870890000000e-01
43 23 -1.6837609000000e-01
44 23 -1.6731730000000e-01
45 23 -9.4270743000000e-01
46 23 -5.2370131000000e-01
47 23 -6.2880933000000e-01
48 23 -4.5565199000000e-01
49 23 -5.0013214000000e-01
50 23 -8.0812812000000e-01
54 23  4.6079999000000e-01
55 23  1.6548997000000e-01
56 23  2.6119995000000e-01
99 23  4.1999999000000e-01
103 23  2.0896029000000e-01
104 23  4.1300099000000e-01
105 23  5.9901690000000e-01
106 23  3.5468140000000e-01
107 23  5.3021099000000e-01
108 23  9.8148249000000e-01
14 24 -8.9736569000000e-01
18 24 -5.3123941000000e-01
19 24 -3.0948277000000e-01
20 24 -5.8427047000000e-01
22 24 -5.1030591000000e-01
23 24 -1.6081869000000e-01
24 24  1.0000000000000e-01
25 24 -3.5560050000000e-01
26 24 -2.6415777000000e-01
27 24 -1.1995129000000e-01
29 24 -1.3180599000000e-01
30 24 -2.2942449000000e-01
31 24 -4.9154013000000e-01
32 24 -4.5755409000000e-01
34 24 -1.2555428000000e-01
36 24 -4.6671145000000e-01
37 24 -1.2164549000000e-01
40 24 -8.9515150000000e-01
41 24 -7.2223842000000e-01
42 24 -1.0025059000000e-01
43 24 -9.0877619000000e-01
44 24 -6.2476698000000e-01
45 24 -1.4725268000000e-01
46 24 -2.9900920000000e-01
47 24 -2.2371627000000e-01
48 24 -9.6995413000000e-01
49 24 -2.2393628000000e-01
50 24 -1.0760647000000e-01
54 24  1.0561790000000e-01
55 24  4.2457998000000e-01
56 24  2.9359996000000e-01
99 24  9.9999979000000e-01
103 24  9.2073202000000e-01
104 24  2.0345338000000e-01
107 24  1.8903089000000e-01
108 24  1.5985899000000e-01
16 25 -7.0709712000000e-01
18 25 -4.3860406000000e-01
19 25 -1.2075520000000e-01
20 25 -2.1071768000000e-01
22 25 -3.9689057000000e-01
23 25 -1.7814670000000e-01
24 25 -2.8501898000000e-01
25 25  1.0000000000000e-01
26 25 -1.6167008000000e-01
27 25 -5.1431619000000e-01
28 25 -5.0081420000000e-01
29 25 -1.9537460000000e-01
30 25 -5.6649698000000e-01
31 25 -3.0802558000000e-01
32 25 -2.0347469000000e-01
34 25 -3.5125299000000e-01
36 25 -4.8891865000000e-01
37 25 -7.0847757000000e-01
38 25 -2.5202008000000e-01
39 25 -2.7750895000000e-01
40 25 -3.2708500000000e-01
41 25 -4.4297706000000e-01
42 25 -1.9139919000000e-01
43 25 -1.1672890000000e-01
44 25 -8.6979941000000e-01
45 25 -2.3991037000000e-01
46 25 -1.1645529000000e-01
47 25 -4.8438258000000e-01
48 25 -5.1004857000000e-01
49 25 -3.6099299000000e-01
50 25 -4.5700207000000e-01
54 25  5.6988996000000e-01
55 25  2.5498998000000e-01
56 25  9.5699966000000e-01
99 25  6.0999997000000e-01
103 25  6.3823819000000e-01
104 25  2.5587869000000e-01
105 25  1.0287869000000e-01
106 25  4.2836991000000e-01
107 25  9.0139866000000e-01
108 25  1.4722209000000e-01
18 26 -7.8240395000000e-01
19 26 -7.0839047000000e-01
20 26 -6.6861391000000e-01
21 26 -4.4000000000000e-01
22 26 -3.2423937000000e-01
23 26 -6.6631511000000e-01
24 26 -1.0430028000000e-01
25 26 -7.7645047000000e-01
26 26  1.0000000000000e-01
27 26 -2.0132510000000e-01
28 26 -4.6556792000000e-01
29 26 -1.6295817000000e-01
30 26 -8.1361388000000e-01
31 26 -2.1134127000000e-01
32 26 -1.0798699000000e-01
34 26 -4.8470125000000e-01
36 26 -3.3551150000000e-01
37 26 -1.4812369000000e-01
38 26 -1.6576654000000e-01
39 26 -1.4602550000000e-01
40 26 -5.7643317000000e-01
41 26 -6.8895221000000e-01
42 26 -4.5512849000000e-01
43 26 -1.2410998000000e-01
44 26 -1.3124727000000e-01
45 26 -1.0041207000000e-01
46 26 -3.3483510000000e-01
47 26 -4.9577460000000e-01
48 26 -1.6555987000000e-01
49 26 -5.7679042000000e-01
50 26 -5.0350670000000e-01
54 26  2.5883996000000e-01
55 26  1.1859995000000e-01
56 26  2.0969999000000e-01
76 26  1.2329996000000e-01
99 26  7.7999949000000e-01
103 26  4.6839975000000e-01
104 26  1.3631448000000e-01
107 26  1.1666227000000e-01
108 26  2.7538229000000e-01
18 27 -1.1517197000000e-01
19 27 -1.1993599000000e-01
20 27 -1.9269269000000e-01
21 27 -1.2799996000000e-01
22 27 -1.9415919000000e-01
23 27 -2.9694929000000e-01
24 27 -6.7150518000000e-01
25 27 -5.0362609000000e-01
26 27 -4.5979880000000e-01
27 27  1.0000000000000e-01
28 27 -4.0651187000000e-01
29 27 -1.1222947000000e-01
30 27 -3.5035680000000e-01
31 27 -7.3762722000000e-01
32 27 -7.4351542000000e-01
34 27 -1.9427337000000e-01
36 27 -1.1980768000000e-01
37 27 -7.7277645000000e-01
38 27 -1.1421129000000e-01
39 27 -2.7667731000000e-01
40 27 -3.0080330000000e-01
41 27 -8.8051260000000e-01
42 27 -1.2828209000000e-01
43 27 -4.2827777000000e-01
44 27 -1.7543728000000e-01
45 27 -1.1235818000000e-01
46 27 -7.5807348000000e-01
47 27 -4.7900230000000e-01
48 27 -3.2506250000000e-01
49 27 -3.2230269000000e-01
50 27 -4.0319398000000e-01
54 27  3.3697999000000e-01
55 27  2.1297997000000e-01
56 27  2.1449995000000e-01
77 27  8.3099961000000e-01
99 27  7.4999988000000e-01
103 27  1.2059998000000e-01
104 27  2.1170000000000e-01
107 27  1.2339999000000e-01
13 28 -1.3273919000000e-01
17 28 -5.4417819000000e-01
18 28 -5.1577829000000e-01
19 28 -6.1145879000000e-01
20 28 -5.5551790000000e-01
22 28 -2.5350344000000e-01
23 28 -4.8165652000000e-01
24 28 -7.6506054000000e-01
25 28 -4.8755098000000e-01
26 28 -6.1884508000000e-01
27 28 -1.1320084000000e-01
28 28  1.0000000000000e-01
29 28 -1.5324179000000e-01
30 28 -3.4378958000000e-01
31 28 -4.6337079000000e-01
32 28 -1.8720259000000e-01
34 28 -1.6133226000000e-01
36 28 -1.2155168000000e-01
37 28 -2.2758378000000e-01
38 28 -9.1001260000000e-01
39 28 -6.6421577000000e-01
40 28 -6.9719613000000e-01
41 28 -8.5031278000000e-01
42 28 -2.9609208000000e-01
43 28 -2.6853278000000e-01
44 28 -3.4251090000000e-01
45 28 -5.1104017000000e-01
46 28 -3.8483490000000e-01
47 28 -4.0365569000000e-01
48 28 -1.8053420000000e-01
49 28 -4.3631792000000e-01
50 28 -4.2402919000000e-01
54 28  2.3613995000000e-01
55 28  1.1835998000000e-01
56 28  1.7869997000000e-01
78 28  3.0999999000000e-01
99 28  5.2999999000000e-01
103 28  8.7199989000000e-01
104 28  2.3110000000000e-01
107 28  1.8720000000000e-01
108 28  2.0099993000000e-01
18 29 -4.2513984000000e-01
19 29 -7.1489328000000e-01
20 29 -6.8038535000000e-01
22 29 -5.2984543000000e-01
23 29 -5.5568926000000e-01
24 29 -4.5868792000000e-01
25 29 -3.3772630000000e-01
26 29 -1.5401449000000e-01
27 29 -7.5755656000000e-01
28 29 -1.3443090000000e-01
29 29  1.0000000000000e-01
30 29 -1.1626016000000e-01
31 29 -2.2389960000000e-01
32 29 -3.9732870000000e-01
34 29 -2.4492949000000e-01
36 29 -2.1880029000000e-01
37 29 -1.4099488000000e-01
40 29 -1.8193949000000e-01
41 29 -1.1092167000000e-01
42 29 -6.9255056000000e-01
43 29 -1.2052150000000e-01
44 29 -1.2023170000000e-01
45 29 -1.6992919000000e-01
46 29 -9.4324090000000e-01
47 29 -4.3018047000000e-01
48 29 -4.5049388000000e-01
49 29 -4.0355437000000e-01
50 29 -5.1994517000000e-01
54 29  5.5338997000000e-01
55 29  2.4027997000000e-01
56 29  1.3439995000000e-01
79 29  7.7199996000000e-01
99 29  6.9999993000000e-01
103 29  9.1919959000000e-01
104 29  1.6270000000000e-01
107 29  8.7210000000000e-01
108 29  3.6119998000000e-01
15 30 -1.3206559000000e-01
16 30 -7.1382150000000e-01
18 30 -4.6334989000000e-01
19 30 -4.1552458000000e-01
20 30 -4.6499819000000e-01
22 30 -6.3213563000000e-01
24 30 -1.1244179000000e-01
25 30 -2.2989798000000e-01
26 30 -5.6606904000000e-01
27 30 -3.0882331000000e-01
28 30 -1.7966279000000e-01
29 30 -1.7682254000000e-01
30 30  1.0000000000000e-01
31 30 -5.2745864000000e-01
32 30 -1.1401840000000e-01
34 30 -1.1981588000000e-01
37 30 -3.0040429000000e-01
39 30 -2.6879556000000e-01
40 30 -1.2604300000000e-01
41 30 -1.7413830000000e-01
42 30 -7.0343516000000e-01
43 30 -5.9796460000000e-01
44 30 -1.7947389000000e-01
45 30 -4.9823299000000e-01
46 30 -4.0943846000000e-01
47 30 -2.7894318000000e-01
48 30 -1.2013078000000e-01
49 30 -1.8416457000000e-01
50 30 -9.6806765000000e-01
54 30  3.5974997000000e-01
55 30  1.4908999000000e-01
80 30  1.6799998000000e-01
99 30  5.5000000000000e-01
103 30  1.3809999000000e-01
104 30  2.1099986000000e-01
107 30  1.7699989000000e-01
108 30  1.3100000000000e-01
18 31 -1.1035478000000e-01
19 31 -1.4360249000000e-01
20 31 -1.8353969000000e-01
22 31 -1.4508879000000e-01
23 31 -3.0452432000000e-01
24 31 -8.8285212000000e-01
25 31 -4.1800849000000e-01
26 31 -6.4855158000000e-01
27 31 -3.1806328000000e-01
28 31 -6.7154202000000e-01
29 31 -2.4194699000000e-01
30 31 -6.0931779000000e-01
31 31  1.0000000000000e-01
32 31 -2.0330554000000e-01
34 31 -1.4078017000000e-01
36 31 -7.8723207000000e-01
37 31 -2.3838619000000e-01
38 31 -3.8401558000000e-01
39 31 -1.7117148000000e-01
40 31 -2.3338728000000e-01
41 31 -1.0117907000000e-01
42 31 -1.7253058000000e-01
43 31 -8.9329435000000e-01
44 31 -6.8470538000000e-01
45 31 -9.8943636000000e-01
46 31 -3.9177388000000e-01
47 31 -3.2042269000000e-01
48 31 -1.6465839000000e-01
49 31 -3.9033769000000e-01
50 31 -4.9630277000000e-01
54 31  3.3216000000000e-01
55 31  1.4980996000000e-01
56 31  2.1489996000000e-01
81 31  2.2099998000000e-01
99 31  5.7999998000000e-01
103 31  5.6809969000000e-01
104 31  1.7750000000000e-01
107 31  3.9599999000000e-01
108 31  3.0509999000000e-01
12 32 -4.4731516000000e-01
13 32 -3.9226301000000e-01
14 32 -3.8660330000000e-01
15 32 -4.6574976000000e-01
16 32 -2.5656198000000e-01
18 32 -1.0426683000000e-01
19 32 -2.3708601000000e-01
20 32 -9.5544064000000e-01
22 32 -2.4332307000000e-01
23 32 -2.6365658000000e-01
24 32 -5.2997027000000e-01
25 32 -2.2430830000000e-01
26 32 -2.9235990000000e-01
27 32 -2.4633368000000e-01
29 32 -3.1164858000000e-01
30 32 -2.3193010000000e-01
31 32 -1.4626749000000e-01
32 32  1.0000000000000e-01
34 32 -3.0163497000000e-01
35 32 -6.2644860000000e-01
36 32 -3.0487168000000e-01
37 32 -1.3400048000000e-01
39 32 -2.2993554000000e-01
40 32 -1.3699908000000e-01
41 32 -1.9432969000000e-01
42 32 -1.3518760000000e-01
43 32 -4.3133227000000e-01
44 32 -5.3797942000000e-01
45 32 -2.2616230000000e-01
46 32 -1.0191876000000e-01
47 32 -3.0220930000000e-01
48 32 -2.6011288000000e-01
49 32 -3.5971608000000e-01
50 32 -6.8689585000000e-01
54 32  6.5341997000000e-01
55 32  2.8512996000000e-01
56 32  2.0339996000000e-01
82 32  6.8099976000000e-01
99 32  2.3999996000000e-01
103 32  5.6169998000000e-01
104 32  1.3319999000000e-01
105 32  2.8769998000000e-01
106 32  2.0029999000000e-01
107 32  2.5659997000000e-01
108 32  7.2179997000000e-01
18 33 -6.7613029000000e-01
19 33 -4.4577807000000e-01
22 33 -2.6191279000000e-01
23 33 -1.8036668000000e-01
24 33 -2.4133570000000e-01
26 33 -1.8353260000000e-01
27 33 -7.5868316000000e-01
29 33 -6.4820163000000e-01
30 33 -4.0308136000000e-01
31 33 -5.9269508000000e-01
32 33 -6.4398527000000e-01
33 33  1.0000000000000e-01
34 33 -2.9214309000000e-01
36 33 -7.2400691000000e-01
37 33 -3.1376164000000e-01
40 33 -5.7044178000000e-01
41 33 -1.0026910000000e-01
42 33 -3.9629856000000e-01
43 33 -1.1302139000000e-01
45 33 -4.3592937000000e-01
46 33 -1.5222328000000e-01
47 33 -6.8209060000000e-01
48 33 -1.2247127000000e-01
49 33 -6.1770878000000e-01
50 33 -8.9321397000000e-01
54 33  8.6856961000000e-01
55 33  3.7869897000000e-01
56 33  2.7709997000000e-01
83 33  5.2699998000000e-01
99 33  5.3039975000000e-01
103 33  5.6169998000000e-01
104 33  1.3319999000000e-01
105 33  2.8769998000000e-01
106 33  2.0029999000000e-01
107 33  2.5659997000000e-01
108 33  7.2179997000000e-01
15 34 -3.8312189000000e-01
16 34 -8.5110292000000e-01
18 34 -6.3257337000000e-01
19 34 -9.5082760000000e-01
20 34 -6.9931090000000e-01
22 34 -2.3293528000000e-01
23 34 -1.9554228000000e-01
24 34 -5.3205639000000e-01
25 34 -5.6561157000000e-01
26 34 -1.5023209000000e-01
27 34 -1.0232818000000e-01
28 34 -1.5130800000000e-01
29 34 -2.9986668000000e-01
30 34 -1.8726080000000e-01
31 34 -2.5574867000000e-01
32 34 -1.7698854000000e-01
34 34  1.0000000000000e-01
36 34 -1.3516989000000e-01
37 34 -2.2202118000000e-01
39 34 -6.0366321000000e-01
40 34 -3.9260440000000e-01
41 34 -3.7059018000000e-01
42 34 -5.2857283000000e-01
43 34 -2.0651820000000e-01
44 34 -1.4268239000000e-01
45 34 -4.9491376000000e-01
46 34 -4.1998439000000e-01
47 34 -3.0820098000000e-01
48 34 -1.7181519000000e-01
49 34 -4.4395067000000e-01
50 34 -1.4820135000000e-01
54 34  2.7928996000000e-01
55 34  1.3468999000000e-01
56 34  2.7709997000000e-01
84 34  2.3999996000000e-01
99 34  2.4999999000000e-01
103 34  3.7699997000000e-01
104 34  3.1180000000000e-01
105 34  7.7109993000000e-01
106 34  2.1239999000000e-01
107 34  2.1159998000000e-01
108 34  1.1349998000000e-01
18 35 -7.5194168000000e-01
19 35 -7.6302528000000e-01
20 35 -5.3321886000000e-01
22 35 -8.2496166000000e-01
24 35 -3.6558020000000e-01
25 35 -4.0458068000000e-01
26 35 -9.5763570000000e-01
27 35 -1.3552899000000e-01
29 35 -1.2827810000000e-01
30 35 -1.6942419000000e-01
31 35 -6.7942659000000e-01
32 35 -1.0891329000000e-01
34 35 -5.2054115000000e-01
35 35  1.0000000000000e-01
36 35 -1.4655240000000e-01
37 35 -4.0424429000000e-01
40 35 -8.4031373000000e-01
41 35 -2.0196937000000e-01
42 35 -7.4957940000000e-01
43 35 -1.5269600000000e-01
44 35 -2.7249940000000e-01
45 35 -5.7579108000000e-01
46 35 -3.6503039000000e-01
47 35 -1.4895488000000e-01
48 35 -5.5568859000000e-01
49 35 -2.3586738000000e-01
50 35 -5.0703060000000e-01
54 35  6.0368997000000e-01
55 35  2.3893994000000e-01
56 35  1.4979994000000e-01
85 35  1.5899997000000e-01
99 35  5.5000000000000e-01
103 35  1.6020000000000e-01
107 35  1.0189998000000e-01
108 35  1.1599999000000e-01
13 36 -1.8008377000000e-01
18 36 -2.4258214000000e-01
19 36 -1.5677624000000e-01
20 36 -9.0642214000000e-01
22 36 -6.2615514000000e-01
23 36 -3.1749438000000e-01
24 36 -4.5273975000000e-01
25 36 -1.2688249000000e-01
26 36 -6.9101639000000e-01
27 36 -5.4763481000000e-01
28 36 -1.2729890000000e-01
29 36 -3.8898420000000e-01
30 36 -3.3881026000000e-01
31 36 -1.8113177000000e-01
32 36 -2.0434957000000e-01
34 36 -8.6880624000000e-01
35 36 -6.1040647000000e-01
36 36  1.0000000000000e-01
37 36 -3.9215907000000e-01
39 36 -2.4688401000000e-01
40 36 -1.2090757000000e-01
41 36 -1.7772958000000e-01
42 36 -3.8723939000000e-01
43 36 -6.3107279000000e-01
44 36 -3.4408919000000e-01
45 36 -1.2150597000000e-01
46 36 -7.0537291000000e-01
47 36 -2.8474417000000e-01
48 36 -4.8957586000000e-01
49 36 -4.4261292000000e-01
50 36 -5.3030457000000e-01
54 36  6.0368997000000e-01
55 36  2.3893994000000e-01
56 36  1.7839998000000e-01
86 36  3.7099998000000e-01
99 36  5.5000000000000e-01
103 36  1.9309998000000e-01
106 36  5.0999997000000e-01
107 36  6.4309955000000e-01
108 36  7.4899988000000e-01
12 37 -3.3357330000000e-01
13 37 -1.0600977000000e-01
14 37 -4.8771489000000e-01
15 37 -3.8784128000000e-01
17 37 -2.5796139000000e-01
18 37 -2.7397510000000e-01
19 37 -5.7172738000000e-01
20 37 -5.6148089000000e-01
22 37 -5.2036205000000e-01
24 37 -3.0244549000000e-01
25 37 -7.9484820000000e-01
26 37 -1.7925359000000e-01
27 37 -5.9097409000000e-01
28 37 -1.4556518000000e-01
29 37 -2.7585379000000e-01
30 37 -6.3099636000000e-01
31 37 -2.8181467000000e-01
32 37 -1.0317548000000e-01
34 37 -5.4172613000000e-01
36 37 -1.4751658000000e-01
37 37  1.0000000000000e-01
38 37 -1.1046619000000e-01
39 37 -4.7779642000000e-01
40 37 -1.1730319000000e-01
41 37 -5.4803926000000e-01
42 37 -3.3470560000000e-01
43 37 -2.3506039000000e-01
44 37 -8.5701421000000e-01
45 37 -5.2671917000000e-01
46 37 -3.1795308000000e-01
47 37 -5.4716129000000e-01
48 37 -1.7602079000000e-01
49 37 -3.3821638000000e-01
50 37 -3.7722029000000e-01
54 37  2.2382998000000e-01
55 37  3.7914997000000e-01
56 37  1.9259995000000e-01
87 37  2.4539995000000e-01
99 37  2.4999999000000e-01
103 37  9.1809989000000e-01
104 37  4.1099987000000e-01
107 37  4.5599998000000e-01
12 38 -2.7256310000000e-01
13 38 -1.8966889000000e-01
14 38 -9.8063415000000e-01
15 38 -3.0312429000000e-01
17 38 -4.3063337000000e-01
18 38 -9.7537339000000e-01
19 38 -6.4065933000000e-01
20 38 -7.8669965000000e-01
22 38 -1.1790958000000e-01
24 38 -1.1292829000000e-01
25 38 -1.6838437000000e-01
26 38 -3.1135618000000e-01
27 38 -1.4165819000000e-01
28 38 -7.0960005000000e-01
29 38 -5.6831562000000e-01
30 38 -9.4431249000000e-01
31 38 -1.3784278000000e-01
32 38 -3.9457940000000e-01
34 38 -4.1243359000000e-01
35 38 -1.0712560000000e-01
36 38 -7.6773353000000e-01
37 38 -1.2042210000000e-01
38 38  1.0000000000000e-01
39 38 -1.0459130000000e-01
40 38 -6.7294240000000e-01
41 38 -1.3607335000000e-01
42 38 -1.7862838000000e-01
43 38 -1.4638498000000e-01
44 38 -9.0261200000000e-01
45 38 -5.3821057000000e-01
46 38 -3.4930329000000e-01
47 38 -3.4333769000000e-01
48 38 -1.2820080000000e-01
49 38 -3.7176919000000e-01
50 38 -3.2913938000000e-01
54 38  2.6809996000000e-01
55 38  1.2809998000000e-01
56 38  1.0209996000000e-01
88 38  1.8599998000000e-01
99 38  5.0999999000000e-01
103 38  1.3239998000000e-01
104 38  3.7809997000000e-01
107 38  3.9119995000000e-01
12 39 -1.5332161000000e-01
13 39 -3.9382651000000e-01
14 39 -5.5752569000000e-01
15 39 -1.5749561000000e-01
18 39 -1.6663259000000e-01
20 39 -1.3170034000000e-01
24 39 -2.0398614000000e-01
25 39 -3.4223553000000e-01
26 39 -9.1812923000000e-01
27 39 -6.8843877000000e-01
28 39 -2.4799125000000e-01
29 39 -1.0910723000000e-01
30 39 -2.1693701000000e-01
31 39 -3.8716751000000e-01
32 39 -1.8091267000000e-01
33 39 -1.9406172000000e-01
34 39 -6.5875868000000e-01
36 39 -1.7868218000000e-01
37 39 -3.6056873000000e-01
38 39 -9.4096991000000e-01
39 39  6.9000453000000e-01
40 39 -3.1760097000000e-01
41 39 -5.0814275000000e-01
42 39 -4.1785199000000e-01
43 39 -1.4299646000000e-01
44 39 -8.2090823000000e-01
45 39 -4.6227202000000e-01
46 39 -2.4747027000000e-01
47 39 -1.9788779000000e-01
48 39 -3.9506108000000e-01
49 39 -9.1787614000000e-01
50 39 -5.6992795000000e-01
54 39  1.5905994000000e-01
55 39  8.4019959000000e-01
56 39  1.0689998000000e-01
89 39  7.1799994000000e-01
99 39  5.0999999000000e-01
103 39  1.0030000000000e-01
104 39  3.1199981000000e-01
107 39  2.8169993000000e-01
12 40 -6.2512793000000e-01
13 40 -2.7900640000000e-01
14 40 -9.4420415000000e-01
15 40 -9.5525123000000e-01
16 40 -1.7431730000000e-01
17 40 -5.8237535000000e-01
18 40 -8.4726632000000e-01
19 40 -1.2876809000000e-01
20 40 -2.7479429000000e-01
22 40 -2.1071569000000e-01
23 40 -2.3306769000000e-01
24 40 -1.5308519000000e-01
25 40 -2.4394715000000e-01
26 40 -2.1148338000000e-01
27 40 -4.8099309000000e-01
28 40 -1.3716440000000e-01
29 40 -1.1162616000000e-01
30 40 -3.6577878000000e-01
31 40 -9.2260353000000e-01
32 40 -7.2475113000000e-01
34 40 -9.6992068000000e-01
36 40 -4.9930289000000e-01
37 40 -1.1114936000000e-01
38 40 -1.4611559000000e-01
39 40 -6.1494880000000e-01
40 40  1.0000000000000e-01
41 40 -4.1734289000000e-01
42 40 -1.7722480000000e-01
43 40 -3.6206718000000e-01
44 40 -2.3029239000000e-01
45 40 -6.2853768000000e-01
46 40 -3.2412380000000e-01
47 40 -2.5166847000000e-01
48 40 -1.2808688000000e-01
49 40 -4.8858821000000e-01
50 40 -4.2008307000000e-01
54 40  2.9100996000000e-01
55 40  1.2799996000000e-01
56 40  3.2919997000000e-01
90 40  2.5099996000000e-01
99 40  5.9999999000000e-01
103 40  1.2129999000000e-01
104 40  3.8119988000000e-01
107 40  4.1199988000000e-01
12 41 -3.5687818000000e-01
13 41 -3.8282319000000e-01
14 41 -2.3567927000000e-01
15 41 -2.3976059000000e-01
17 41 -1.8679959000000e-01
18 41 -7.1049929000000e-01
19 41 -9.8609328000000e-01
20 41 -5.6896769000000e-01
22 41 -1.2622620000000e-01
23 41 -1.0834189000000e-01
24 41 -2.6325269000000e-01
25 41 -1.4691895000000e-01
26 41 -2.0717159000000e-01
27 41 -2.8477130000000e-01
28 41 -5.4905936000000e-01
29 41 -5.0534569000000e-01
30 41 -2.8829696000000e-01
31 41 -1.7771937000000e-01
32 41 -1.6555358000000e-01
34 41 -3.7615579000000e-01
36 41 -9.9377185000000e-01
37 41 -1.3416380000000e-01
38 41 -2.6848959000000e-01
39 41 -3.4921740000000e-01
40 41 -6.5489471000000e-01
41 41  1.0000000000000e-01
42 41 -5.0432269000000e-01
43 41 -4.2603835000000e-01
44 41 -2.8861728000000e-01
45 41 -5.7782680000000e-01
46 41 -3.8483490000000e-01
47 41 -3.7982717000000e-01
48 41 -9.5345266000000e-01
49 41 -5.1483139000000e-01
50 41 -5.4689419000000e-01
54 41  2.8839999000000e-01
55 41  1.3169998000000e-01
56 41  3.7799996000000e-01
91 41  9.4099998000000e-01
99 41  5.1999997000000e-01
103 41  1.5209999000000e-01
104 41  5.5109989000000e-01
107 41  5.1209982000000e-01
12 42 -2.0841546000000e-01
13 42 -1.3719037000000e-01
14 42 -8.7357479000000e-01
15 42 -3.7956298000000e-01
16 42 -1.0020398000000e-01
17 42 -1.9098556000000e-01
18 42 -6.7232490000000e-01
19 42 -4.7159437000000e-01
20 42 -2.2256680000000e-01
22 42 -1.5739878000000e-01
24 42 -1.4549720000000e-01
25 42 -7.2815299000000e-01
26 42 -1.4791398000000e-01
27 42 -1.6600159000000e-01
28 42 -6.8902969000000e-01
29 42 -1.2132067000000e-01
30 42 -3.9352961000000e-01
31 42 -1.6192757000000e-01
32 42 -1.2176398000000e-01
34 42 -3.2973250000000e-01
36 42 -1.7240919000000e-01
37 42 -7.7654570000000e-01
38 42 -2.2628698000000e-01
39 42 -2.7824359000000e-01
40 42 -4.6425749000000e-01
41 42 -2.8565079000000e-01
42 42  1.0000000000000e-01
43 42 -4.0595345000000e-01
44 42 -2.1816290000000e-01
45 42 -6.4581037000000e-01
46 42 -3.8686148000000e-01
47 42 -3.7407398000000e-01
48 42 -7.0691556000000e-01
49 42 -7.3917769000000e-01
50 42 -6.6059470000000e-01
54 42  2.1994996000000e-01
55 42  1.0579997000000e-01
56 42  1.4729995000000e-01
92 42  8.4099948000000e-01
99 42  4.4999998000000e-01
103 42  1.5309998000000e-01
104 42  2.3110000000000e-01
107 42  3.1109992000000e-01
18 43 -6.7163825000000e-01
19 43 -5.2063558000000e-01
20 43 -6.3208282000000e-01
22 43 -1.5508819000000e-01
23 43 -8.5923402000000e-01
24 43 -8.4120827000000e-01
25 43 -5.3287808000000e-01
26 43 -1.2290910000000e-01
27 43 -9.4617903000000e-01
28 43 -1.7464268000000e-01
29 43 -2.3635410000000e-01
30 43 -5.2003050000000e-01
31 43 -1.9533537000000e-01
32 43 -2.5946356000000e-01
34 43 -1.1908010000000e-01
36 43 -8.3246827000000e-01
37 43 -6.7583323000000e-01
38 43 -7.5380993000000e-01
39 43 -2.4733059000000e-01
40 43 -4.2036198000000e-01
41 43 -1.9723348000000e-01
42 43 -7.5055838000000e-01
43 43  1.0000000000000e-01
44 43 -5.3530186000000e-01
45 43 -4.2834319000000e-01
46 43 -4.1403919000000e-01
47 43 -2.9114548000000e-01
48 43 -5.4494925000000e-01
49 43 -6.4278170000000e-01
50 43 -6.5124571000000e-01
54 43  1.9080997000000e-01
55 43  9.9129975000000e-01
56 43  3.6579996000000e-01
93 43  1.1269999000000e-01
99 43  6.9999993000000e-01
103 43  1.8269999000000e-01
104 43  1.1210000000000e-01
107 43  1.7119999000000e-01
12 44 -8.5762069000000e-01
13 44 -2.8346486000000e-01
18 44 -1.0786235000000e-01
19 44 -3.9403997000000e-01
20 44 -2.6896317000000e-01
22 44 -1.9504668000000e-01
23 44 -1.5203808000000e-01
24 44 -1.8540388000000e-01
25 44 -6.9175005000000e-01
26 44 -3.4894347000000e-01
27 44 -1.7475329000000e-01
28 44 -1.9645789000000e-01
29 44 -5.0813150000000e-01
30 44 -4.2207688000000e-01
31 44 -4.5793079000000e-01
32 44 -2.7770448000000e-01
34 44 -9.9180155000000e-01
36 44 -6.7648888000000e-01
37 44 -5.2582435000000e-01
38 44 -2.0638650000000e-01
39 44 -6.5652910000000e-01
40 44 -3.9895419000000e-01
41 44 -6.9118552000000e-01
42 44 -1.9270077000000e-01
43 44 -4.5910664000000e-01
44 44  1.0000000000000e-01
45 44 -5.0444156000000e-01
46 44 -2.8891568000000e-01
47 44 -4.2458288000000e-01
48 44 -1.2354799000000e-01
49 44 -5.5760257000000e-01
50 44 -6.5036654000000e-01
54 44  4.1723996000000e-01
55 44  1.8131995000000e-01
56 44  2.4909997000000e-01
94 44  2.2649997000000e-01
99 44  8.5999966000000e-01
103 44  1.8209999000000e-01
104 44  7.8799989000000e-01
107 44  5.2099989000000e-01
18 45 -1.1340380000000e-01
19 45 -5.3331032000000e-01
20 45 -8.6479397000000e-01
22 45 -2.5802074000000e-01
23 45 -5.5801167000000e-01
24 45 -7.6547749000000e-01
25 45 -2.2449240000000e-01
26 45 -6.7487452000000e-01
27 45 -4.2730811000000e-01
28 45 -4.2122729000000e-01
29 45 -1.6650308000000e-01
30 45 -8.0719963000000e-01
31 45 -1.1683688000000e-01
32 45 -2.3322029000000e-01
34 45 -9.1094221000000e-01
35 45 -1.4307990000000e-01
36 45 -9.0617279000000e-01
37 45 -3.0784789000000e-01
40 45 -1.3662169000000e-01
41 45 -1.9509180000000e-01
42 45 -3.8887218000000e-01
43 45 -4.5468769000000e-01
44 45 -1.3910229000000e-01
45 45  1.0000000000000e-01
46 45 -5.1529359000000e-01
47 45 -9.4289668000000e-01
48 45 -2.8951567000000e-01
49 45 -4.7465786000000e-01
50 45 -1.1057597000000e-01
54 45  2.1349697000000e-01
55 45  2.3008795000000e-01
99 45  2.5999997000000e-01
103 45  2.1499997000000e-01
18 46 -3.3778846000000e-01
19 46 -2.7980719000000e-01
22 46 -1.3569999000000e-01
24 46 -1.0780487000000e-01
25 46 -3.0999999000000e-01
26 46 -2.6946408000000e-01
27 46 -5.8999997000000e-01
28 46 -4.9801134000000e-01
29 46 -2.9068519000000e-01
30 46 -2.7661488000000e-01
31 46 -7.6889768000000e-01
32 46 -3.4382427000000e-01
34 46 -1.3959270000000e-01
35 46 -6.4899996000000e-01
36 46 -9.7939968000000e-01
37 46 -4.4624135000000e-01
38 46 -1.0653710000000e-01
40 46 -1.4229995000000e-01
41 46 -2.1505777000000e-01
42 46 -2.2012658000000e-01
43 46 -1.8497680000000e-01
44 46 -1.9293269000000e-01
45 46 -6.2731211000000e-01
46 46  1.0000000000000e-01
47 46 -7.9663575000000e-01
48 46 -2.3513447000000e-01
49 46 -2.4598329000000e-01
50 46 -5.5709466000000e-01
54 46  1.6145998000000e-01
55 46  4.7259998000000e-01
99 46  4.9999997000000e-01
18 47 -3.1408048000000e-01
19 47 -1.6816264000000e-01
22 47 -4.0704370000000e-01
23 47 -3.6598928000000e-01
24 47 -4.7277547000000e-01
25 47 -4.4848560000000e-01
26 47 -2.0399299000000e-01
27 47 -1.2370418000000e-01
28 47 -2.7823774000000e-01
29 47 -1.0124046000000e-01
30 47 -2.5032880000000e-01
31 47 -4.7323257000000e-01
32 47 -1.0526129000000e-01
34 47 -9.6997917000000e-01
35 47 -1.0626140000000e-01
36 47 -1.7901920000000e-01
37 47 -1.2582589000000e-01
38 47 -1.2126299000000e-01
39 47 -1.8280860000000e-01
40 47 -3.5509509000000e-01
41 47 -3.1714130000000e-01
42 47 -2.9298649000000e-01
43 47 -8.9784130000000e-01
44 47 -1.5180099000000e-01
45 47 -1.2831308000000e-01
46 47 -3.3683879000000e-01
47 47  1.0000000000000e-01
48 47 -7.1701333000000e-01
49 47 -1.0709889000000e-01
50 47 -1.2103444000000e-01
54 47  2.6827997000000e-01
55 47  7.8265995000000e-01
99 47  2.0000000000000e-01
18 48 -2.3886843000000e-01
19 48 -6.1378390000000e-01
20 48 -4.3542817000000e-01
22 48 -7.5248638000000e-01
23 48 -2.3372949000000e-01
24 48 -2.4115697000000e-01
25 48 -6.6473223000000e-01
26 48 -3.1822389000000e-01
27 48 -5.1691793000000e-01
29 48 -2.2015499000000e-01
30 48 -1.2747578000000e-01
31 48 -7.0531555000000e-01
32 48 -8.6542428000000e-01
34 48 -1.7373390000000e-01
36 48 -1.1401968000000e-01
37 48 -2.0241439000000e-01
38 48 -8.7278038000000e-01
39 48 -2.9855990000000e-01
40 48 -5.2192435000000e-01
41 48 -5.3100884000000e-01
42 48 -3.1141429000000e-01
43 48 -5.5278931000000e-01
44 48 -5.4268073000000e-01
45 48 -7.8219622000000e-01
46 48 -2.9902309000000e-01
47 48 -3.5798278000000e-01
48 48  1.0000000000000e-01
49 48 -8.5847974000000e-01
50 48 -6.8899512000000e-01
54 48  1.5589895000000e-01
55 48  1.2740593000000e-01
99 48  6.7999959000000e-01
18 49 -1.6843444000000e-01
19 49 -1.1285877000000e-01
22 49 -1.1574370000000e-01
24 49 -2.0930928000000e-01
25 49 -3.3631595000000e-01
26 49 -8.3948974000000e-01
29 49 -1.0116920000000e-01
30 49 -2.5804059000000e-01
31 49 -1.0953930000000e-01
32 49 -3.6627753000000e-01
34 49 -2.2709210000000e-01
36 49 -3.6627753000000e-01
37 49 -6.0305446000000e-01
40 49 -3.0746800000000e-01
41 49 -7.5101543000000e-01
42 49 -1.1073597000000e-01
43 49 -9.0790287000000e-01
44 49 -1.3175519000000e-01
45 49 -6.9045424000000e-01
46 49 -2.2173028000000e-01
47 49 -8.2302541000000e-01
48 49 -2.7756389000000e-01
49 49  1.0000000000000e-01
50 49 -8.5494697000000e-01
54 49  2.0220394000000e-01
55 49  1.3707895000000e-01
99 49  4.2999998000000e-01
18 50 -1.0119867000000e-01
19 50 -1.4113486000000e-01
22 50 -1.4921989000000e-01
24 50 -3.0454269000000e-01
25 50 -4.1897758000000e-01
26 50 -2.7835099000000e-01
27 50 -2.1425069000000e-01
28 50 -3.3583317000000e-01
29 50 -5.2045174000000e-01
30 50 -4.8879080000000e-01
31 50 -3.7675719000000e-01
32 50 -1.9727158000000e-01
34 50 -7.7098645000000e-01
35 50 -1.5209839000000e-01
36 50 -9.7000715000000e-01
37 50 -7.0474818000000e-01
38 50 -1.2776260000000e-01
39 50 -5.5101365000000e-01
40 50 -3.9121136000000e-01
41 50 -5.6376904000000e-01
42 50 -5.2132905000000e-01
43 50 -3.0704618000000e-01
44 50 -5.9905834000000e-01
45 50 -1.0905128000000e-01
46 50 -3.9410517000000e-01
47 50 -2.2812087000000e-01
48 50 -2.4728607000000e-01
49 50 -2.0829119000000e-01
50 50  1.0000000000000e-01
54 50  9.4189942000000e-01
55 50  5.2828997000000e-01
99 50  7.4999988000000e-01
3 51  1.0000000000000e-01
28 51 -1.8999998000000e-01
37 51 -1.9099998000000e-01
38 51 -3.8999997000000e-01
39 51 -6.1999999000000e-01
40 51 -3.6999997000000e-01
41 51 -3.6600000000000e-01
42 51 -1.6999996000000e-01
43 51 -4.4999998000000e-01
44 51 -3.9999969000000e-01
47 51 -4.4999998000000e-01
48 51 -8.9999996000000e-01
50 51 -1.2999997000000e-01
51 51 -1.0000000000000e-01
3 52  1.0000000000000e-01
46 52 -9.3299997000000e-01
47 52 -4.4999998000000e-01
48 52 -8.9999996000000e-01
50 52 -1.2999997000000e-01
52 52 -1.0000000000000e-01
1 53  1.0000000000000e-01
2 53 -1.0000000000000e-01
8 53 -1.6729999000000e-01
9 53 -1.1009997000000e-01
10 53 -9.5319998000000e-01
11 53 -7.2999954000000e-01
17 53 -7.6323867000000e-01
18 53 -1.0506897000000e-01
19 53 -1.6983986000000e-01
20 53 -1.8434459000000e-01
21 53 -9.5899999000000e-01
22 53 -8.9999996000000e-01
23 53 -9.8399997000000e-01
24 53 -2.9099997000000e-01
25 53 -2.0199999000000e-01
26 53 -4.1499998000000e-01
27 53 -1.5999999000000e-01
28 53 -8.3999969000000e-01
29 53 -1.7099999000000e-01
31 53 -1.8599998000000e-01
32 53 -2.7299996000000e-01
33 53 -1.2351799000000e-01
34 53 -3.4699999000000e-01
35 53 -1.8000000000000e-01
36 53 -1.9599997000000e-01
37 53 -4.4799998000000e-01
38 53 -3.4999999000000e-01
39 53 -8.0999993000000e-01
40 53 -1.0849994000000e-01
41 53 -1.0439998000000e-01
42 53 -3.5099998000000e-01
43 53 -1.9899998000000e-01
44 53 -1.3099998000000e-01
53 53 -1.0000000000000e-01
51 54  1.0663998000000e-01
54 54 -1.0000000000000e-01
52 55  6.4999998000000e-01
55 55 -1.0000000000000e-01
53 56  4.4999998000000e-01
56 56 -1.0000000000000e-01
5 57 -7.9999983000000e-01
57 57 -1.0000000000000e-01
5 58 -5.2800000000000e-01
6 58  5.2800000000000e-01
8 58  1.0000000000000e-01
58 58 -1.0000000000000e-01
73 58  2.2843176000000e-01
5 59 -1.1359996000000e-01
6 59  1.1359996000000e-01
9 59  1.0000000000000e-01
59 59 -1.0000000000000e-01
73 59  8.5353293000000e-01
5 60 -7.5799942000000e-01
6 60  7.5799942000000e-01
10 60  1.0000000000000e-01
60 60 -1.0000000000000e-01
73 60  2.6247747000000e-01
5 61 -4.3499999000000e-01
6 61  4.3499999000000e-01
11 61  1.0000000000000e-01
61 61 -1.0000000000000e-01
5 62 -1.0000000000000e-01
6 62  1.0000000000000e-01
21 62  1.0000000000000e-01
62 62 -1.0000000000000e-01
73 62  3.6576998000000e-01
5 63 -1.2722998000000e-01
6 63  1.2722998000000e-01
12 63  1.0000000000000e-01
63 63 -1.0000000000000e-01
75 63  1.0057812000000e-01
5 64 -1.4199998000000e-01
6 64  1.4199998000000e-01
13 64  1.0000000000000e-01
64 64 -1.0000000000000e-01
5 65 -3.7999998000000e-01
6 65  3.7999998000000e-01
14 65  1.0000000000000e-01
65 65 -1.0000000000000e-01
75 65  1.0060000000000e-01
5 66 -3.3779997000000e-01
6 66  3.3779997000000e-01
15 66  1.0000000000000e-01
66 66 -1.0000000000000e-01
75 66  1.0057812000000e-01
5 67 -3.4439999000000e-01
6 67  3.4439999000000e-01
16 67  1.0000000000000e-01
67 67 -1.0000000000000e-01
75 67  1.0057812000000e-01
5 68 -1.7999999000000e-01
6 68  1.7999999000000e-01
17 68  1.0000000000000e-01
68 68 -1.0000000000000e-01
5 69 -9.8999999000000e-01
6 69  9.8999999000000e-01
18 69  1.0000000000000e-01
69 69 -1.0000000000000e-01
74 69  9.3819983000000e-01
5 70 -4.4999979000000e-01
6 70  4.4999979000000e-01
19 70  1.0000000000000e-01
70 70 -1.0000000000000e-01
5 71 -6.9999993000000e-01
6 71  6.9999993000000e-01
20 71  1.0000000000000e-01
71 71 -1.0000000000000e-01
5 72 -1.0000000000000e-01
6 72  1.0000000000000e-01
22 72  1.0000000000000e-01
72 72 -1.0000000000000e-01
75 72  7.5599998000000e-01
5 73 -1.0000000000000e-01
6 73  1.0000000000000e-01
23 73  1.0000000000000e-01
73 73 -1.0000000000000e-01
5 74 -1.0000000000000e-01
6 74  1.0000000000000e-01
24 74  1.0000000000000e-01
74 74 -1.0000000000000e-01
5 75 -1.0000000000000e-01
6 75  1.0000000000000e-01
25 75  1.0000000000000e-01
75 75 -1.0000000000000e-01
5 76 -1.0000000000000e-01
6 76  1.0000000000000e-01
26 76  1.0000000000000e-01
76 76 -1.0000000000000e-01
5 77 -1.0000000000000e-01
6 77  1.0000000000000e-01
27 77  1.0000000000000e-01
77 77 -1.0000000000000e-01
5 78 -1.0000000000000e-01
6 78  1.0000000000000e-01
28 78  1.0000000000000e-01
78 78 -1.0000000000000e-01
5 79 -1.0000000000000e-01
6 79  1.0000000000000e-01
29 79  1.0000000000000e-01
79 79 -1.0000000000000e-01
5 80 -1.0000000000000e-01
6 80  1.0000000000000e-01
30 80  1.0000000000000e-01
80 80 -1.0000000000000e-01
5 81 -1.0000000000000e-01
6 81  1.0000000000000e-01
31 81  1.0000000000000e-01
81 81 -1.0000000000000e-01
5 82 -1.0000000000000e-01
6 82  1.0000000000000e-01
32 82  1.0000000000000e-01
82 82 -1.0000000000000e-01
5 83 -2.2099996000000e-01
6 83  2.2099996000000e-01
33 83  1.0000000000000e-01
83 83 -1.0000000000000e-01
5 84 -1.0000000000000e-01
6 84  1.0000000000000e-01
34 84  1.0000000000000e-01
84 84 -1.0000000000000e-01
5 85 -1.0000000000000e-01
6 85  1.0000000000000e-01
35 85  1.0000000000000e-01
85 85 -1.0000000000000e-01
5 86 -1.0000000000000e-01
6 86  1.0000000000000e-01
36 86  1.0000000000000e-01
86 86 -1.0000000000000e-01
5 87 -1.0000000000000e-01
6 87  1.0000000000000e-01
37 87  1.0000000000000e-01
87 87 -1.0000000000000e-01
5 88 -1.0000000000000e-01
6 88  1.0000000000000e-01
38 88  1.0000000000000e-01
88 88 -1.0000000000000e-01
5 89 -1.0000000000000e-01
6 89  1.0000000000000e-01
39 89  1.0000000000000e-01
89 89 -1.0000000000000e-01
5 90 -1.0000000000000e-01
6 90  1.0000000000000e-01
40 90  1.0000000000000e-01
90 90 -1.0000000000000e-01
5 91 -1.0000000000000e-01
6 91  1.0000000000000e-01
41 91  1.0000000000000e-01
91 91 -1.0000000000000e-01
5 92 -1.0000000000000e-01
6 92  1.0000000000000e-01
42 92  1.0000000000000e-01
92 92 -1.0000000000000e-01
5 93 -1.0000000000000e-01
6 93  1.0000000000000e-01
43 93  1.0000000000000e-01
93 93 -1.0000000000000e-01
5 94 -1.0000000000000e-01
6 94  1.0000000000000e-01
44 94  1.0000000000000e-01
94 94 -1.0000000000000e-01
5 95 -1.0000000000000e-01
6 95  1.0000000000000e-01
50 95  1.0000000000000e-01
95 95 -1.0000000000000e-01
5 96 -1.0000000000000e-01
6 96  1.0000000000000e-01
48 96  1.0000000000000e-01
96 96 -1.0000000000000e-01
2 97 -1.0000000000000e-01
5 97 -1.0000000000000e-01
97 97 -1.0000000000000e-01
2 98 -1.0000000000000e-01
5 98 -1.0000000000000e-01
98 98 -1.0000000000000e-01
99 99 -1.0000000000000e-01
100 100 -1.0000000000000e-01
101 101 -1.0000000000000e-01
102 102 -1.0000000000000e-01
110 102  1.0000000000000e-01
103 103 -1.0000000000000e-01
111 103  1.0000000000000e-01
104 104 -1.0000000000000e-01
112 104  1.0000000000000e-01
105 105 -1.0000000000000e-01
113 105  1.0000000000000e-01
106 106 -1.0000000000000e-01
114 106  1.0000000000000e-01
107 107 -1.0000000000000e-01
115 107  1.0000000000000e-01
108 108 -1.0000000000000e-01
116 108  1.0000000000000e-01
109 109 -1.0000000000000e-01
117 109  1.0000000000000e-01
110 110 -1.0000000000000e-01
111 111 -1.0000000000000e-01
112 112 -1.0000000000000e-01
113 113 -1.0000000000000e-01
114 114 -1.0000000000000e-01
115 115 -1.0000000000000e-01
116 116 -1.0000000000000e-01
117 117 -1.0000000000000e-01
118 118 -1.0000000000000e-01
119 119 -1.0000000000000e-01
120 120 -1.0000000000000e-01
121 121 -1.0000000000000e-01
122 122 -1.0000000000000e-01
132 123 -1.0000000000000e-01
123 124 -1.0000000000000e-01
124 125 -1.0000000000000e-01
125 126 -1.0000000000000e-01
126 127 -1.0000000000000e-01
127 128 -1.0000000000000e-01
128 129 -1.0000000000000e-01
129 130 -1.0000000000000e-01
130 131 -1.0000000000000e-01
131 132 -1.0000000000000e-01
133 133 -1.0000000000000e-01
134 134 -1.0000000000000e-01
5 135  5.2800000000000e-01
7 135  5.2800000000000e-01
8 135 -1.0000000000000e-01
135 135 -1.0000000000000e-01
150 135  5.2285588000000e-01
5 136  1.1359996000000e-01
7 136  1.1359996000000e-01
9 136 -1.0000000000000e-01
136 136 -1.0000000000000e-01
150 136  5.7390109000000e-01
5 137  7.5799942000000e-01
7 137  7.5799942000000e-01
10 137 -1.0000000000000e-01
137 137 -1.0000000000000e-01
150 137  3.7487990000000e-01
5 138  4.3499999000000e-01
7 138  4.3499999000000e-01
11 138 -1.0000000000000e-01
138 138 -1.0000000000000e-01
5 139  1.0000000000000e-01
7 139  1.0000000000000e-01
21 139 -1.0000000000000e-01
139 139 -1.0000000000000e-01
150 139  4.6708000000000e-01
5 140  1.2722998000000e-01
7 140  1.2722998000000e-01
12 140 -1.0000000000000e-01
140 140 -1.0000000000000e-01
152 140  1.0057812000000e-01
5 141  1.4199998000000e-01
7 141  1.4199998000000e-01
13 141 -1.0000000000000e-01
141 141 -1.0000000000000e-01
5 142  3.7999998000000e-01
7 142  3.7999998000000e-01
14 142 -1.0000000000000e-01
142 142 -1.0000000000000e-01
152 142  1.0060000000000e-01
5 143  3.3779997000000e-01
7 143  3.3779997000000e-01
15 143 -1.0000000000000e-01
143 143 -1.0000000000000e-01
152 143  1.0057812000000e-01
5 144  3.4439999000000e-01
7 144  3.4439999000000e-01
16 144 -1.0000000000000e-01
144 144 -1.0000000000000e-01
152 144  1.0057812000000e-01
5 145  1.7999999000000e-01
7 145  1.7999999000000e-01
17 145 -1.0000000000000e-01
145 145 -1.0000000000000e-01
5 146  1.1299998000000e-01
7 146  1.1299998000000e-01
18 146 -1.0000000000000e-01
146 146 -1.0000000000000e-01
151 146  9.3819983000000e-01
5 147  4.4999979000000e-01
7 147  4.4999979000000e-01
19 147 -1.0000000000000e-01
147 147 -1.0000000000000e-01
5 148  6.9999993000000e-01
7 148  6.9999993000000e-01
20 148 -1.0000000000000e-01
148 148 -1.0000000000000e-01
5 149  1.0000000000000e-01
7 149  1.0000000000000e-01
22 149 -1.0000000000000e-01
149 149 -1.0000000000000e-01
152 149  7.5599998000000e-01
5 150  1.0000000000000e-01
7 150  1.0000000000000e-01
23 150 -1.0000000000000e-01
150 150 -1.0000000000000e-01
5 151  1.0000000000000e-01
7 151  1.0000000000000e-01
24 151 -1.0000000000000e-01
151 151 -1.0000000000000e-01
5 152  1.0000000000000e-01
7 152  1.0000000000000e-01
25 152 -1.0000000000000e-01
152 152 -1.0000000000000e-01
5 153  1.0000000000000e-01
7 153  1.0000000000000e-01
26 153 -1.0000000000000e-01
153 153 -1.0000000000000e-01
5 154  1.0000000000000e-01
7 154  1.0000000000000e-01
27 154 -1.0000000000000e-01
154 154 -1.0000000000000e-01
5 155  1.0000000000000e-01
7 155  1.0000000000000e-01
28 155 -1.0000000000000e-01
155 155 -1.0000000000000e-01
5 156  1.0000000000000e-01
7 156  1.0000000000000e-01
29 156 -1.0000000000000e-01
156 156 -1.0000000000000e-01
5 157  1.0000000000000e-01
7 157  1.0000000000000e-01
30 157 -1.0000000000000e-01
157 157 -1.0000000000000e-01
5 158  1.0000000000000e-01
7 158  1.0000000000000e-01
31 158 -1.0000000000000e-01
158 158 -1.0000000000000e-01
5 159  1.0000000000000e-01
7 159  1.0000000000000e-01
32 159 -1.0000000000000e-01
159 159 -1.0000000000000e-01
5 160  2.2099996000000e-01
7 160  2.2099996000000e-01
33 160 -1.0000000000000e-01
160 160 -1.0000000000000e-01
5 161  1.0000000000000e-01
7 161  1.0000000000000e-01
34 161 -1.0000000000000e-01
161 161 -1.0000000000000e-01
5 162  1.0000000000000e-01
7 162  1.0000000000000e-01
35 162 -1.0000000000000e-01
162 162 -1.0000000000000e-01
5 163  1.0000000000000e-01
7 163  1.0000000000000e-01
36 163 -1.0000000000000e-01
163 163 -1.0000000000000e-01
5 164  1.0000000000000e-01
7 164  1.0000000000000e-01
37 164 -1.0000000000000e-01
164 164 -1.0000000000000e-01
5 165  1.0000000000000e-01
7 165  1.0000000000000e-01
38 165 -1.0000000000000e-01
165 165 -1.0000000000000e-01
5 166  1.0000000000000e-01
7 166  1.0000000000000e-01
39 166 -1.0000000000000e-01
166 166 -1.0000000000000e-01
5 167  1.0000000000000e-01
7 167  1.0000000000000e-01
40 167 -1.0000000000000e-01
167 167 -1.0000000000000e-01
5 168  1.0000000000000e-01
7 168  1.0000000000000e-01
41 168 -1.0000000000000e-01
168 168 -1.0000000000000e-01
5 169  1.0000000000000e-01
7 169  1.0000000000000e-01
42 169 -1.0000000000000e-01
169 169 -1.0000000000000e-01
5 170  1.0000000000000e-01
7 170  1.0000000000000e-01
43 170 -1.0000000000000e-01
170 170 -1.0000000000000e-01
5 171  1.0000000000000e-01
7 171  1.0000000000000e-01
44 171 -1.0000000000000e-01
171 171 -1.0000000000000e-01
5 172  1.0000000000000e-01
7 172  1.0000000000000e-01
50 172 -1.0000000000000e-01
172 172 -1.0000000000000e-01
5 173  1.0000000000000e-01
7 173  1.0000000000000e-01
48 173 -1.0000000000000e-01
173 173 -1.0000000000000e-01
2 174  1.0000000000000e-01
5 174  1.0000000000000e-01
174 174 -1.0000000000000e-01
2 175  1.0000000000000e-01
5 175  1.0000000000000e-01
175 175 -1.0000000000000e-01
1 176 -1.0021992000000e-01
2 176  1.5699995000000e-01
4 176  1.0000002000000e-01
95 176  5.9999973000000e-01
96 176  2.2999998000000e-01
97 176  8.4999986000000e-01
98 176  6.1000586000000e-01
186 176  7.4000001000000e-01
207 176  1.3900001000000e-01
8 177 -1.4539999000000e-01
9 177 -1.9800000000000e-01
10 177 -8.3799958000000e-01
11 177 -6.8599999000000e-01
18 177 -2.5012726000000e-01
19 177 -5.1860166000000e-01
21 177 -7.5099990000000e-01
23 177 -9.9752963000000e-01
24 177 -3.6559999000000e-01
26 177  9.2989981000000e-01
27 177 -6.3299993000000e-01
28 177  1.0289997000000e-01
29 177  3.3699977000000e-01
30 177  7.7389963000000e-01
31 177  2.2699998000000e-01
32 177 -6.2499987000000e-01
33 177 -3.8244619000000e-01
34 177 -2.2172999000000e-01
36 177  1.3989999000000e-01
37 177  3.4128997000000e-01
38 177  1.2119997000000e-01
40 177  3.7759999000000e-01
41 177  5.3999992000000e-01
42 177 -1.7819997000000e-01
43 177 -1.0500000000000e-01
44 177  1.8342998000000e-01
45 177 -3.5248999000000e-01
47 177 -9.6051991000000e-01
48 177  1.1423998000000e-01
49 177 -1.6360998000000e-01
50 177  1.5143096000000e-01
55 177 -3.6171207000000e-01
99 177  5.9999973000000e-01
100 177  2.9213991000000e-01
101 177  8.0100000000000e-01
1 178  1.8199999000000e-01
54 178  6.6609979000000e-01
55 178  1.6267997000000e-01
99 178  2.5099998000000e-01
104 178  8.6799972000000e-01
109 178  1.1633492000000e-01
8 179  1.0000000000000e-01
18 179 -7.5970180000000e-01
19 179 -5.0621558000000e-01
23 179 -1.6173299000000e-01
24 179 -2.0606299000000e-01
26 179 -6.1818883000000e-01
29 179 -1.0010000000000e-01
30 179 -3.1459989000000e-01
31 179 -5.2480982000000e-01
32 179 -1.8875999000000e-01
33 179 -8.3097577000000e-01
34 179 -2.9314985000000e-01
36 179 -4.1469990000000e-01
37 179 -5.6770979000000e-01
38 179 -1.6673799000000e-01
40 179 -5.0378889000000e-01
41 179 -2.4166999000000e-01
42 179 -1.8875999000000e-01
43 179 -2.0019987000000e-01
44 179 -4.5187981000000e-01
45 179 -2.0019987000000e-01
47 179 -4.3143071000000e-01
48 179 -7.1356981000000e-01
49 179 -4.1469990000000e-01
50 179 -8.6339973000000e-01
54 179  1.3426059000000e-01
55 179  2.0221919000000e-01
99 179  1.0222298000000e-01
8 180 -1.0000000000000e-01
5 181 -6.5300000000000e-01
6 181  6.5300000000000e-01
8 181  1.0000000000000e-01
73 181  3.2405429000000e-01
5 182  9.5400000000000e-01
7 182  9.5400000000000e-01
8 182 -1.0000000000000e-01
150 182  4.6764489000000e-01
8 183  1.0000000000000e-01
10 183 -1.0000000000000e-01
12 184  1.0000000000000e-01
18 184 -4.5135427000000e-01
19 184 -1.5568571000000e-01
20 184 -3.6405915000000e-01
22 184 -4.7495067000000e-01
24 184 -2.5647338000000e-01
25 184 -4.3246087000000e-01
26 184 -1.8267339000000e-01
27 184 -1.0595057000000e-01
29 184 -5.4802001000000e-01
30 184 -1.8267339000000e-01
31 184 -8.5856467000000e-01
32 184 -3.9457448000000e-01
34 184 -1.2969807000000e-01
35 184 -1.0960398000000e-01
36 184 -3.1054469000000e-01
37 184 -1.6440598000000e-01
38 184 -3.1054469000000e-01
40 184 -2.7401010000000e-01
41 184 -7.0146561000000e-01
42 184 -1.0960398000000e-01
43 184 -3.3812830000000e-01
44 184 -5.4802001000000e-01
45 184 -4.0736157000000e-01
46 184 -1.2969807000000e-01
49 184 -3.7374969000000e-01
50 184 -6.2756658000000e-01
54 184  2.1529999000000e-01
55 184  3.7994999000000e-01
99 184  4.2825997000000e-01
13 185  1.0000000000000e-01
18 185 -3.4438618000000e-01
19 185 -8.8724755000000e-01
20 185 -2.0033049000000e-01
22 185 -9.9204059000000e-01
24 185 -3.1655101000000e-01
25 185 -3.1504035000000e-01
27 185 -1.1273190000000e-01
29 185 -4.5092747000000e-01
30 185 -2.2546374000000e-01
31 185 -8.7930865000000e-01
32 185 -3.6976044000000e-01
34 185 -1.1949579000000e-01
35 185 -4.5092747000000e-01
36 185 -6.7639121000000e-01
37 185 -3.1564923000000e-01
38 185 -1.1273190000000e-01
40 185 -1.7586170000000e-01
41 185 -1.0641888000000e-01
42 185 -2.0291729000000e-01
43 185 -1.3911103000000e-01
44 185 -6.7639121000000e-01
45 185 -4.1259849000000e-01
46 185 -1.9164420000000e-01
49 185 -1.4880609000000e-01
50 185 -9.0840692000000e-01
54 185  2.8999999000000e-01
55 185  5.1499978000000e-01
99 185  4.7859992000000e-01
14 186  1.0000000000000e-01
18 186 -9.2447479000000e-01
19 186 -2.3816128000000e-01
20 186 -5.3772982000000e-01
22 186 -2.7901377000000e-01
24 186 -7.0894885000000e-01
25 186 -1.2811179000000e-01
26 186 -6.3412235000000e-01
27 186 -1.1414199000000e-01
29 186 -9.5118367000000e-01
30 186 -3.1706116000000e-01
31 186 -4.5973866000000e-01
32 186 -2.4413705000000e-01
34 186 -6.2778112000000e-01
35 186 -2.2194281000000e-01
36 186 -6.3412239000000e-01
37 186 -2.0926032000000e-01
38 186 -3.1706116000000e-01
40 186 -1.4267750000000e-01
41 186 -1.0241079000000e-01
42 186 -6.3412235000000e-01
43 186 -3.9125348000000e-01
44 186 -9.5118367000000e-01
45 186 -1.5472589000000e-01
46 186 -9.5435418000000e-01
49 186 -7.1148534000000e-01
50 186 -4.7992915000000e-01
54 186  5.9129996000000e-01
55 186  1.0429999000000e-01
99 186  6.1071987000000e-01
15 187  1.0000000000000e-01
18 187 -8.1811309000000e-01
19 187 -2.1077108000000e-01
20 187 -4.7589850000000e-01
22 187 -2.3566198000000e-01
24 187 -7.5197569000000e-01
25 187 -7.4838735000000e-01
27 187 -2.6779769000000e-01
29 187 -1.0711909000000e-01
30 187 -5.3559532000000e-01
31 187 -2.0888220000000e-01
32 187 -8.7837614000000e-01
34 187 -2.8386549000000e-01
35 187 -1.0711909000000e-01
36 187 -1.6067860000000e-01
37 187 -7.4983342000000e-01
38 187 -2.6779762000000e-01
40 187 -4.1776411000000e-01
41 187 -2.5280099000000e-01
42 187 -4.8203557000000e-01
43 187 -3.3046221000000e-01
44 187 -1.6067860000000e-01
45 187 -9.8013915000000e-01
46 187 -4.5525581000000e-01
49 187 -3.5349280000000e-01
50 187 -2.1579459000000e-01
54 187  2.0400000000000e-01
55 187  3.5999995000000e-01
99 187  1.1370350000000e-01
16 188  1.0000000000000e-01
18 188 -8.3412170000000e-01
19 188 -2.1489549000000e-01
20 188 -4.8521109000000e-01
22 188 -2.4027338000000e-01
24 188 -7.6669035000000e-01
25 188 -7.6303147000000e-01
27 188 -2.7303789000000e-01
29 188 -1.0921519000000e-01
30 188 -5.4607575000000e-01
31 188 -2.1296958000000e-01
32 188 -8.9556426000000e-01
34 188 -2.8942018000000e-01
35 188 -1.0921519000000e-01
36 188 -1.6382270000000e-01
37 188 -7.6450594000000e-01
38 188 -2.7303770000000e-01
40 188 -4.2593889000000e-01
41 188 -2.5774777000000e-01
42 188 -4.9146800000000e-01
43 188 -3.3692879000000e-01
44 188 -1.6382270000000e-01
45 188 -9.9931844000000e-01
46 188 -4.6416409000000e-01
49 188 -3.6040996000000e-01
50 188 -2.2001717000000e-01
54 188  2.3181992000000e-01
55 188  4.0910000000000e-01
99 188  1.1592839000000e-01
17 189  1.0000000000000e-01
18 189 -9.5622428000000e-01
19 189 -1.2645558000000e-01
20 189 -1.7052919000000e-01
22 189 -1.3171860000000e-01
24 189 -3.3468488000000e-01
25 189 -6.0479785000000e-01
26 189 -2.9936040000000e-01
27 189 -5.3884869000000e-01
29 189 -4.4904054000000e-01
30 189 -1.4968018000000e-01
31 189 -2.1703629000000e-01
32 189 -1.1525379000000e-01
34 189 -2.9636663000000e-01
35 189 -1.0477610000000e-01
36 189 -2.9936036000000e-01
37 189 -9.8788936000000e-01
38 189 -1.4968018000000e-01
40 189 -6.7356086000000e-01
41 189 -4.8346701000000e-01
42 189 -2.9936040000000e-01
43 189 -1.8470537000000e-01
44 189 -4.4904054000000e-01
45 189 -7.3043932000000e-01
46 189 -4.5053731000000e-01
49 189 -3.3588236000000e-01
50 189 -2.2656790000000e-01
54 189  1.4816999000000e-01
55 189  2.4209998000000e-01
56 189  5.6999996000000e-01
99 189  2.8831977000000e-01
18 190  9.9808478000000e-01
19 190 -8.1122071000000e-01
24 190 -2.2062421000000e-01
25 190 -1.3685389000000e-01
26 190 -6.1713072000000e-01
29 190 -1.4142579000000e-01
30 190 -7.7141345000000e-01
31 190 -4.3841996000000e-01
32 190 -1.7601080000000e-01
34 190 -4.6027664000000e-01
35 190 -2.6999463000000e-01
36 190 -7.9712729000000e-01
37 190 -2.1985266000000e-01
40 190 -1.4258290000000e-01
41 190 -3.5536429000000e-01
42 190 -2.1959569000000e-01
43 190 -7.3774127000000e-01
44 190 -3.8570670000000e-01
45 190 -2.2126710000000e-01
46 190 -6.1224517000000e-01
49 190 -1.5867976000000e-01
50 190 -2.7213269000000e-01
54 190  6.9999998000000e-01
55 190  4.6999976000000e-01
56 190  4.7999993000000e-01
99 190  3.2722484000000e-01
18 191 -4.8328331000000e-01
19 191  9.9795300000000e-01
24 191 -5.5669007000000e-01
25 191 -3.4531651000000e-01
26 191 -1.5571750000000e-01
29 191 -3.5685258000000e-01
30 191 -1.9464687000000e-01
31 191 -1.1062430000000e-01
32 191 -4.4411921000000e-01
34 191 -1.1613930000000e-01
35 191 -6.8126401000000e-01
36 191 -2.0113497000000e-01
37 191 -5.5474356000000e-01
40 191 -3.5977224000000e-01
41 191 -8.9667315000000e-01
42 191 -5.5409473000000e-01
43 191 -1.8615056000000e-01
44 191 -9.7323436000000e-01
45 191 -5.5831217000000e-01
46 191 -1.5448469000000e-01
49 191 -4.0038858000000e-01
50 191 -6.8665878000000e-01
54 191  3.9999979000000e-01
55 191  3.3999998000000e-01
56 191  1.1999998000000e-01
99 191  8.2571991000000e-01
18 192 -2.5867620000000e-01
19 192 -1.6585409000000e-01
20 192  9.8853326000000e-01
22 192 -7.0672359000000e-01
24 192 -4.0194907000000e-01
25 192 -9.8671866000000e-01
26 192 -3.9974053000000e-01
27 192 -4.8366390000000e-01
29 192 -8.8340448000000e-01
30 192 -2.2085106000000e-01
31 192 -5.9629805000000e-01
32 192 -1.9876592000000e-01
34 192 -9.1211507000000e-01
36 192 -2.5177025000000e-01
37 192 -1.3692769000000e-01
38 192 -6.6255336000000e-01
40 192 -1.2367660000000e-01
41 192 -2.8467691000000e-01
42 192 -1.9876592000000e-01
44 192 -6.6255336000000e-01
45 192 -1.5172469000000e-01
46 192 -5.1458308000000e-01
47 192 -5.4550226000000e-01
49 192 -1.0494849000000e-01
50 192 -4.6654209000000e-01
54 192  5.8439970000000e-01
55 192  7.3899981000000e-01
56 192  4.9999985000000e-01
99 192  3.2373192000000e-01
63 193  1.0000000000000e-01
64 194  1.0000000000000e-01
65 195  1.0000000000000e-01
66 196  1.0000000000000e-01
67 197  1.0000000000000e-01
68 198  1.0000000000000e-01
69 199  1.0000000000000e-01
70 200  1.0000000000000e-01
71 201  1.0000000000000e-01
25 202  1.0000000000000e-01
31 203  1.0000000000000e-01
33 204  1.0000000000000e-01
35 205  1.0000000000000e-01
37 206  1.0000000000000e-01
39 207  1.0000000000000e-01
41 208  1.0000000000000e-01
42 209  1.0000000000000e-01
1 210  3.9499998000000e-01
18 210 -3.9346658000000e-01
24 210 -3.6555994000000e-01
26 210 -1.3399999000000e-01
28 210 -1.6200000000000e-01
30 210 -1.9300000000000e-01
31 210 -4.4999993000000e-01
32 210 -2.4609999000000e-01
34 210 -2.4179998000000e-01
37 210 -1.2999999000000e-01
40 210 -6.2999999000000e-01
45 210 -4.2599998000000e-01
50 210 -5.7999999000000e-01
54 210  1.1176497000000e-01
55 210  2.2487998000000e-01
99 210  1.4340999000000e-01
103 210 -1.0100994000000e-01
111 210  1.0100000000000e-01
118 210 -1.0000000000000e-01
193 210 -6.2999999000000e-01
194 210 -1.2999999000000e-01
195 210 -6.2999999000000e-01
196 210 -6.2999999000000e-01
197 210 -6.2999999000000e-01
1 211  5.1299997000000e-01
18 211 -2.6859667000000e-01
24 211 -2.4959981000000e-01
26 211 -3.8899994000000e-01
28 211 -3.0199997000000e-01
30 211 -3.2899994000000e-01
31 211 -6.7299977000000e-01
32 211 -4.1599991000000e-01
34 211 -6.5399986000000e-01
37 211 -4.9899984000000e-01
40 211 -2.0979999000000e-01
45 211 -2.7669999000000e-01
50 211 -1.4779998000000e-01
54 211  1.2838495000000e-01
55 211  3.7143999000000e-01
99 211  2.3879998000000e-01
107 211 -1.2500000000000e-01
115 211  2.5000000000000e-01
119 211 -1.0000000000000e-01
193 211 -2.0979999000000e-01
194 211 -4.9899984000000e-01
195 211 -2.0979999000000e-01
196 211 -2.0979999000000e-01
197 211 -2.0979999000000e-01
1 212  1.3849998000000e-01
18 212 -1.3565385000000e-01
24 212 -1.2603099000000e-01
26 212 -6.1825989000000e-01
28 212 -6.0799997000000e-01
30 212 -7.3273689000000e-01
31 212 -1.5254738000000e-01
32 212 -5.8508925000000e-01
34 212 -6.8999976000000e-01
37 212 -7.5020990000000e-01
40 212 -1.8688899000000e-01
45 212 -1.2458887000000e-01
50 212 -2.2347888000000e-01
54 212  3.5594285000000e-01
55 212  9.4788837000000e-01
99 212  5.4245964000000e-01
107 212 -1.0525999000000e-01
115 212  5.2630000000000e-01
120 212 -1.0000000000000e-01
193 212 -1.8688899000000e-01
194 212 -7.5020990000000e-01
195 212 -1.8688899000000e-01
196 212 -1.8688899000000e-01
197 212 -1.8688899000000e-01
1 213  2.8699994000000e-01
18 213 -3.2673407000000e-01
24 213 -3.0357698000000e-01
26 213 -1.0952959000000e-01
28 213 -1.1163228000000e-01
30 213 -1.2423198000000e-01
31 213 -2.8591398000000e-01
32 213 -1.1277270000000e-01
34 213 -1.3623837000000e-01
37 213 -1.0559699000000e-01
40 213 -2.1231659000000e-01
45 213 -3.1731088000000e-01
50 213 -5.0037839000000e-01
54 213  6.7627335000000e-01
55 213  1.8771896000000e-01
99 213  1.2546897000000e-01
107 213 -1.0100994000000e-01
115 213  1.0100000000000e-01
121 213 -1.0000000000000e-01
193 213 -2.1231659000000e-01
194 213 -1.0559699000000e-01
195 213 -2.1231659000000e-01
196 213 -2.1231659000000e-01
197 213 -2.1231659000000e-01
1 214  2.9999996000000e-01
18 214 -3.3536926000000e-01
24 214 -3.1199997000000e-01
28 214 -9.9999943000000e-01
30 214 -9.9999943000000e-01
31 214 -2.9999992000000e-01
32 214 -5.9999993000000e-01
34 214 -9.9999997000000e-01
37 214 -9.9999943000000e-01
45 214 -3.1999996000000e-01
50 214 -3.9999995000000e-01
54 214  9.4499998000000e-01
55 214  1.8799999000000e-01
99 214  1.0770000000000e-01
109 214 -1.0000000000000e-01
122 214 -1.0000000000000e-01
194 214 -9.9999943000000e-01
3 215  1.3059998000000e-01
35 215 -1.2538999000000e-01
40 215 -2.5077999000000e-01
41 215 -2.5077999000000e-01
54 215  2.0244998000000e-01
55 215  5.9260000000000e-01
99 215  6.5309942000000e-01
3 216  1.9000000000000e-01
18 216 -1.2312069000000e-01
24 216 -2.4919998000000e-01
54 216  3.7339997000000e-01
55 216  1.0927999000000e-01
99 216  1.9869998000000e-01
123 226  1.0000000000000e-01
124 227  1.0000000000000e-01
125 228  1.0000000000000e-01
126 229  1.0000000000000e-01
127 230  1.0000000000000e-01
128 231  1.0000000000000e-01
129 232  1.0000000000000e-01
130 233  1.0000000000000e-01
131 234  1.0000000000000e-01
57 238  1.0000000000000e-01
5 240 -1.0000000000000e-01
64 243  3.4782991000000e-01
67 243  3.6999998000000e-01
69 243  2.7482471000000e-01
70 243  2.1078997000000e-01
74 243 -2.0784998000000e-01
75 243  3.4889994000000e-01
142 243  1.0917000000000e-01
151 243  1.0400000000000e-01
152 243  1.3559999000000e-01
5 246  1.0000000000000e-01
7 246  1.0000000000000e-01
176 246 -1.0000000000000e-01
187 246 -1.0000000000000e-01
5 247  1.0000000000000e-01
7 247  1.0000000000000e-01
177 247 -1.0000000000000e-01
188 247 -1.0000000000000e-01
5 248  1.0000000000000e-01
7 248  1.0000000000000e-01
178 248 -1.0000000000000e-01
189 248 -1.0000000000000e-01
5 249  1.0000000000000e-01
7 249  1.0000000000000e-01
179 249 -1.0000000000000e-01
192 249 -1.0000000000000e-01
5 250  1.0000000000000e-01
7 250  1.0000000000000e-01
180 250 -1.0000000000000e-01
193 250 -1.0000000000000e-01
5 251  1.0000000000000e-01
7 251  1.0000000000000e-01
181 251 -1.0000000000000e-01
194 251 -1.0000000000000e-01
5 252  1.0000000000000e-01
7 252  1.0000000000000e-01
182 252 -1.0000000000000e-01
195 252 -1.0000000000000e-01
5 253  1.0000000000000e-01
7 253  1.0000000000000e-01
183 253 -1.0000000000000e-01
196 253 -1.0000000000000e-01
5 254  1.0000000000000e-01
7 254  1.0000000000000e-01
184 254 -1.0000000000000e-01
197 254 -1.0000000000000e-01
5 255  1.0000000000000e-01
185 255 -1.0000000000000e-01
1 256  1.0000000000000e-01
8 256 -8.8446950000000e-01
9 256 -4.1109146000000e-01
10 256 -6.1609491000000e-01
11 256 -1.0735626000000e-01
18 256 -2.1061945000000e-01
20 256 -6.9770753000000e-01
21 256 -4.6699997000000e-01
23 256 -4.3399996000000e-01
24 256 -4.7300011000000e-01
25 256 -2.0099999000000e-01
26 256 -3.2200001000000e-01
27 256 -3.4300005000000e-01
28 256 -7.3199999000000e-01
29 256 -5.3699990000000e-01
30 256 -2.2000000000000e-01
31 256 -2.4900001000000e-01
32 256 -1.1100002000000e-01
33 256 -9.6832577000000e-01
34 256 -1.4400000000000e-01
36 256 -3.3600000000000e-01
37 256 -7.1600005000000e-01
39 256 -2.9700000000000e-01
40 256 -4.3300018000000e-01
41 256 -9.4499998000000e-01
42 256 -1.9400001000000e-01
43 256 -5.7500005000000e-01
44 256 -3.7199999000000e-01
45 256 -6.7999996000000e-01
46 256 -9.0599991000000e-01
47 256 -1.0299999000000e-01
48 256 -3.0900002000000e-01
49 256 -1.0800000000000e-01
50 256 -5.5799998000000e-01
99 256  5.5900000000000e-01
186 256 -1.0000000000000e-01
187 256 -8.8800013000000e-01
188 256 -1.8800002000000e-01
189 256 -5.9099998000000e-01
190 256 -1.4500000000000e-01
191 256 -1.0600001000000e-01
192 256 -4.8799999000000e-01
193 256 -1.6100001000000e-01
194 256 -2.2300000000000e-01
195 256 -9.4599999000000e-01
196 256 -2.9000000000000e-01
197 256 -5.9599988000000e-01
12 257 -2.8193938000000e-01
13 257 -7.2419830000000e-01
14 257 -1.0252209000000e-01
15 257 -2.8961487000000e-01
18 257 -1.5298331000000e-01
20 257 -1.1944957000000e-01
24 257 -1.8727707000000e-01
25 257 -6.2932849000000e-01
26 257 -3.2728917000000e-01
27 257 -4.7415309000000e-01
28 257 -1.7162976000000e-01
29 257 -9.8593626000000e-01
30 257 -1.8747975000000e-01
31 257 -3.2120249000000e-01
32 257 -1.8700694000000e-01
33 257 -1.8723993000000e-01
34 257 -7.0171524000000e-01
36 257 -1.6550750000000e-01
37 257 -2.6739966000000e-01
38 257 -1.4907648000000e-01
40 257 -3.2494593000000e-01
41 257 -5.7809386000000e-01
42 257 -1.4581099000000e-01
43 257 -1.5459750000000e-01
44 257 -8.2378089000000e-01
45 257 -4.3393634000000e-01
46 257 -3.0120127000000e-01
47 257 -1.9716721000000e-01
48 257 -4.4326745000000e-01
49 257 -8.0577843000000e-01
50 257 -5.0747201000000e-01
54 257  1.5905994000000e-01
55 257  8.4019959000000e-01
99 257  5.0999999000000e-01
103 257  1.0030000000000e-01
104 257  3.1199981000000e-01
107 257  2.8169993000000e-01
187 257  7.9121786000000e-01
189 257 -2.0653401000000e-01
192 257 -3.5325043000000e-01
193 257 -3.4815706000000e-01
194 257 -2.2043206000000e-01
195 257 -5.3883437000000e-01
197 257 -3.5391599000000e-01
198 257  1.0100000000000e-01
12 258 -1.6825525000000e-01
13 258 -9.0146507000000e-01
14 258 -8.3622748000000e-01
15 258 -2.5425144000000e-01
17 258 -3.6706531000000e-01
18 258 -2.9735394000000e-01
20 258 -3.9295133000000e-01
24 258 -3.6401092000000e-01
25 258 -9.4004810000000e-01
26 258 -1.6612245000000e-01
27 258 -4.3147281000000e-01
28 258 -2.7045484000000e-01
29 258 -6.7784986000000e-01
30 258 -9.1426613000000e-01
31 258 -9.6056843000000e-01
32 258 -1.2847374000000e-01
34 258 -2.1396128000000e-01
36 258 -9.1902390000000e-01
37 258 -1.5999631000000e-01
38 258 -4.0546432000000e-01
39 258 -2.9556197000000e-01
40 258 -1.1592591000000e-01
41 258 -1.6816419000000e-01
42 258 -1.7906725000000e-01
43 258 -7.3636435000000e-01
44 258 -2.7714297000000e-01
45 258 -8.2884580000000e-01
46 258 -4.2724274000000e-01
47 258 -3.8492508000000e-01
48 258 -1.1594735000000e-01
49 258 -8.7107755000000e-01
50 258 -4.6260182000000e-01
54 258  2.6809996000000e-01
55 258  1.2809998000000e-01
99 258  5.0999999000000e-01
103 258  1.3239998000000e-01
104 258  3.7809997000000e-01
107 258  3.9119995000000e-01
188 258  9.8844349000000e-01
189 258 -3.4456304000000e-01
192 258 -9.4113201000000e-01
199 258  1.0100000000000e-01
12 259 -1.1250151000000e-01
13 259 -7.2730915000000e-01
14 259 -4.9313582000000e-01
15 259 -1.7145374000000e-01
16 259 -5.6454795000000e-01
17 259 -1.0445639000000e-01
18 259 -7.5990260000000e-01
20 259 -2.9026410000000e-01
24 259 -9.3024736000000e-01
25 259 -1.5168767000000e-01
26 259 -5.6570699000000e-01
27 259 -3.7071318000000e-01
28 259 -1.5993457000000e-01
29 259 -2.3695233000000e-01
30 259 -3.5317941000000e-01
31 259 -5.0187148000000e-01
32 259 -1.4619385000000e-01
34 259 -1.0392109000000e-01
36 259 -1.3194091000000e-01
37 259 -2.7643009000000e-01
39 259 -3.4190036000000e-01
40 259 -2.3973111000000e-01
41 259 -1.4421612000000e-01
42 259 -2.2764802000000e-01
43 259 -2.8147255000000e-01
44 259 -6.4041349000000e-01
45 259 -4.6764389000000e-01
46 259 -2.1982430000000e-01
47 259 -1.7874967000000e-01
48 259 -2.3167953000000e-01
49 259 -1.1891063000000e-01
50 259 -4.8655294000000e-01
54 259  2.1994996000000e-01
55 259  1.0579997000000e-01
99 259  4.4999998000000e-01
103 259  1.5309998000000e-01
104 259  2.3110000000000e-01
107 259  3.1109992000000e-01
189 259  9.5342672000000e-01
192 259 -2.1844212000000e-01
193 259 -5.9027188000000e-01
195 259 -8.5838814000000e-01
197 259 -8.7293703000000e-01
200 259  1.0100000000000e-01
8 260 -6.0984792000000e-01
9 260 -2.8345059000000e-01
10 260 -4.0659569000000e-01
11 260 -4.3036714000000e-01
18 260 -7.5420684000000e-01
21 260 -3.2199983000000e-01
22 260 -1.1315495000000e-01
23 260 -2.9899972000000e-01
24 260 -9.2327520000000e-01
25 260 -3.9834451000000e-01
26 260 -1.8398995000000e-01
27 260 -1.4443591000000e-01
28 260 -5.5197962000000e-01
29 260 -1.3799991000000e-01
30 260 -9.1999944000000e-01
31 260 -8.1875920000000e-01
32 260 -1.8399982000000e-01
33 260 -8.3257863000000e-01
34 260 -7.4516945000000e-01
35 260 -5.0597936000000e-01
36 260 -7.5252950000000e-01
37 260 -5.3357966000000e-01
40 260 -1.3330275000000e-01
41 260 -2.6311081000000e-01
42 260 -3.1922776000000e-01
43 260 -5.0597973000000e-01
44 260 -1.4719989000000e-01
45 260 -1.0119991000000e-01
46 260 -1.8399989000000e-01
47 260 -6.0717575000000e-01
48 260 -2.2539075000000e-01
49 260 -2.3918985000000e-01
50 260 -1.1297137000000e-01
54 260  1.6145998000000e-01
55 260  4.7259998000000e-01
99 260  4.9999997000000e-01
189 260 -1.0119991000000e-01
190 260  9.9972397000000e-01
196 260 -9.1999944000000e-01
8 261 -5.0034025000000e-01
9 261 -2.3255257000000e-01
10 261 -3.4852210000000e-01
11 261 -3.4992592000000e-01
18 261 -1.6136274000000e-01
21 261 -2.6417969000000e-01
22 261 -1.8867895000000e-01
23 261 -2.4530967000000e-01
24 261 -1.9753490000000e-01
25 261 -7.1698949000000e-01
26 261 -1.1320990000000e-01
27 261 -1.6981289000000e-01
28 261 -1.2579988000000e-01
29 261 -7.5479923000000e-01
30 261 -2.5159959000000e-01
31 261 -8.3019957000000e-01
32 261 -2.5156988000000e-01
34 261 -2.1006279000000e-01
35 261 -1.6351971000000e-01
36 261 -2.1006290000000e-01
37 261 -5.0313957000000e-01
40 261 -3.8616374000000e-01
41 261 -6.1635140000000e-01
42 261 -2.8930780000000e-01
43 261 -5.6603923000000e-01
44 261 -2.1383979000000e-01
45 261 -1.8867990000000e-01
46 261 -3.7739961000000e-01
47 261 -5.6603741000000e-01
48 261 -2.4025187000000e-01
49 261 -4.4025965000000e-01
50 261 -4.1509375000000e-01
54 261  1.6145998000000e-01
55 261  4.7259998000000e-01
99 261  4.9999997000000e-01
189 261 -1.2578985000000e-01
191 261  9.9949688000000e-01
8 262 -2.2730119000000e-01
9 262 -1.0564704000000e-01
10 262 -1.5833117000000e-01
11 262 -5.1858425000000e-01
12 262 -6.1044144000000e-01
13 262 -1.5679987000000e-01
14 262 -2.2197574000000e-01
15 262 -6.2705996000000e-01
18 262 -7.1711540000000e-01
20 262 -1.1343405000000e-01
21 262 -1.2001504000000e-01
23 262 -1.1144255000000e-01
24 262 -8.7786885000000e-01
25 262 -1.3625916000000e-01
26 262 -7.1229273000000e-01
28 262 -5.2784642000000e-01
29 262 -6.8590045000000e-01
30 262 -6.5950840000000e-01
31 262 -2.0575018000000e-01
32 262 -1.2662320000000e-01
34 262 -8.1776222000000e-01
36 262 -1.3717008000000e-01
37 262 -6.1197206000000e-01
39 262 -9.4354928000000e-01
40 262 -1.0498542000000e-01
41 262 -1.0050081000000e-01
42 262 -2.8620284000000e-01
43 262 -7.1749054000000e-01
44 262 -7.6507754000000e-01
45 262 -5.2492693000000e-01
46 262 -3.9831437000000e-01
47 262 -1.0023780000000e-01
48 262 -6.9638751000000e-01
49 262 -9.6807778000000e-01
50 262 -8.8578165000000e-01
54 262  1.5905994000000e-01
55 262  8.4019959000000e-01
99 262  5.0999999000000e-01
103 262  1.0030000000000e-01
104 262  3.1199981000000e-01
107 262  2.8169993000000e-01
189 262 -3.2049589000000e-01
192 262  9.8480612000000e-01
195 262 -2.6392314000000e-01
197 262 -6.0672336000000e-01
201 262  1.0100000000000e-01
8 263 -1.1006887000000e-01
9 263 -5.1158783000000e-01
10 263 -7.6670665000000e-01
11 263 -2.9264938000000e-01
12 263 -6.7117661000000e-01
13 263 -3.0026414000000e-01
14 263 -1.0514956000000e-01
15 263 -1.0027647000000e-01
16 263 -1.1570824000000e-01
17 263 -6.5080994000000e-01
18 263 -2.5572449000000e-01
20 263 -4.8577577000000e-01
21 263 -5.8116377000000e-01
22 263 -3.4602941000000e-01
23 263 -5.3965207000000e-01
24 263 -3.1304944000000e-01
25 263 -2.0874375000000e-01
26 263 -9.4799846000000e-01
27 263 -2.1036033000000e-01
29 263 -1.1071566000000e-01
30 263 -7.6104770000000e-01
31 263 -3.0446835000000e-01
32 263 -1.1417493000000e-01
34 263 -1.1763617000000e-01
36 263 -8.3033275000000e-01
37 263 -1.5914780000000e-01
39 263 -1.3839209000000e-01
40 263 -2.7056333000000e-01
41 263 -1.9721113000000e-01
42 263 -1.5084852000000e-01
43 263 -3.3214304000000e-01
44 263 -1.1761650000000e-01
45 263 -2.6433345000000e-01
46 263 -4.2902343000000e-01
47 263 -2.5326282000000e-01
48 263 -1.8890984000000e-01
49 263 -7.6809451000000e-01
50 263 -6.5045655000000e-01
54 263  2.9100996000000e-01
55 263  1.2799996000000e-01
99 263  5.9999999000000e-01
103 263  1.2129999000000e-01
104 263  3.8119988000000e-01
107 263  4.1199988000000e-01
189 263 -8.9951837000000e-01
193 263  9.1765511000000e-01
194 263 -6.9196033000000e-01
202 263  1.0100000000000e-01
8 264 -4.2209838000000e-01
9 264 -1.9618664000000e-01
10 264 -2.9402110000000e-01
11 264 -5.1234011000000e-01
12 264 -5.6624301000000e-01
13 264 -1.8312301000000e-01
14 264 -9.2667091000000e-01
15 264 -5.6530684000000e-01
17 264 -4.8770970000000e-01
18 264 -6.7616940000000e-01
20 264 -4.5613598000000e-01
21 264 -2.2286797000000e-01
23 264 -2.0694888000000e-01
24 264 -8.2774390000000e-01
25 264 -1.5913397000000e-01
26 264 -1.7510366000000e-01
27 264 -3.1838287000000e-01
29 264 -3.1838287000000e-01
30 264 -3.1838287000000e-01
31 264 -1.2416441000000e-01
32 264 -1.5919146000000e-01
36 264 -9.5514883000000e-01
37 264 -1.0506239000000e-01
39 264 -9.8694749000000e-01
40 264 -2.1967523000000e-01
41 264 -5.4123003000000e-01
42 264 -9.8695718000000e-01
43 264 -6.3676573000000e-01
45 264 -6.3673593000000e-01
46 264 -2.2285816000000e-01
47 264 -2.0693999000000e-01
48 264 -2.0375710000000e-01
49 264 -6.0489774000000e-01
50 264 -3.5020631000000e-01
54 264  2.2382998000000e-01
55 264  3.7914997000000e-01
99 264  2.4999999000000e-01
103 264  9.1809989000000e-01
104 264  4.1099987000000e-01
107 264  4.5599998000000e-01
189 264 -2.2285816000000e-01
193 264 -2.0057335000000e-01
194 264  8.3317429000000e-01
203 264  1.0100000000000e-01
8 265 -1.3695350000000e-01
9 265 -6.3654454000000e-01
10 265 -9.5397700000000e-01
11 265 -1.6623316000000e-01
12 265 -2.4187695000000e-01
13 265 -1.0820847000000e-01
14 265 -3.7893558000000e-01
15 265 -3.6137390000000e-01
16 265 -4.1698664000000e-01
17 265 -2.3453730000000e-01
18 265 -1.4261484000000e-01
20 265 -7.4005783000000e-01
21 265 -7.2311464000000e-01
23 265 -6.7146355000000e-01
24 265 -1.7458438000000e-01
25 265 -7.5226605000000e-01
27 265 -1.8336557000000e-01
29 265 -3.3572919000000e-01
30 265 -7.7479077000000e-01
31 265 -1.0588642000000e-01
32 265 -7.2313510000000e-01
34 265 -5.1656039000000e-01
36 265 -5.1646051000000e-01
37 265 -1.5495820000000e-01
40 265 -4.4421013000000e-01
41 265 -2.5826238000000e-01
42 265 -4.6486482000000e-01
44 265 -3.0990618000000e-01
45 265 -1.0330513000000e-01
46 265 -3.3573920000000e-01
47 265 -1.6528744000000e-01
48 265 -1.8853214000000e-01
49 265 -8.0061369000000e-01
50 265 -6.8181038000000e-01
54 265  2.9100996000000e-01
55 265  1.2799996000000e-01
99 265  5.9999999000000e-01
103 265  1.2129999000000e-01
104 265  3.8119988000000e-01
107 265  4.1199988000000e-01
195 265  9.7236603000000e-01
204 265  1.0100000000000e-01
8 266 -1.1639854000000e-01
9 266 -5.4100738000000e-01
10 266 -8.1079733000000e-01
11 266 -1.4128373000000e-01
12 266 -6.5518245000000e-01
13 266 -2.9310893000000e-01
14 266 -1.0264387000000e-01
15 266 -9.7886883000000e-01
16 266 -1.1295094000000e-01
17 266 -6.3530129000000e-01
18 266 -1.1187965000000e-01
20 266 -9.4335079000000e-01
21 266 -6.1458442000000e-01
22 266 -2.1951910000000e-01
23 266 -5.7068560000000e-01
24 266 -1.3695937000000e-01
25 266 -2.0376945000000e-01
26 266 -2.1951910000000e-01
27 266 -3.5117157000000e-01
29 266 -1.4266476000000e-01
30 266 -4.3893978000000e-01
31 266 -1.0315821000000e-01
32 266 -3.8848750000000e-01
34 266 -8.7797805000000e-01
36 266 -7.4625649000000e-01
37 266 -6.5845903000000e-01
40 266 -4.9822949000000e-01
41 266 -1.7558869000000e-01
42 266 -2.1951910000000e-01
45 266 -9.6573643000000e-01
46 266 -1.0315824000000e-01
47 266 -2.3704328000000e-01
48 266 -3.8848776000000e-01
49 266 -6.1455481000000e-01
50 266 -4.9823064000000e-01
54 266  2.9100996000000e-01
55 266  1.2799996000000e-01
99 266  5.9999999000000e-01
103 266  1.2129999000000e-01
104 266  3.8119988000000e-01
107 266  4.1199988000000e-01
195 266 -9.2183240000000e-01
196 266  9.7914892000000e-01
205 266  1.0100000000000e-01
8 267 -1.3842894000000e-01
9 267 -6.4340211000000e-01
10 267 -9.6425437000000e-01
11 267 -5.6808144000000e-01
12 267 -2.4419727000000e-01
13 267 -1.0924652000000e-01
14 267 -3.8257068000000e-01
15 267 -3.6484054000000e-01
16 267 -4.2098667000000e-01
17 267 -2.3678720000000e-01
18 267 -1.4043498000000e-01
20 267 -7.4781537000000e-01
21 267 -7.3090487000000e-01
22 267 -1.7402502000000e-01
23 267 -6.7869737000000e-01
24 267 -1.7191586000000e-01
25 267 -7.5948238000000e-01
26 267 -6.9600018000000e-01
27 267 -2.9579271000000e-01
28 267 -1.7402502000000e-01
29 267 -2.2621243000000e-01
30 267 -1.0440503000000e-01
31 267 -4.1761026000000e-01
32 267 -6.0900748000000e-01
34 267 -5.2197534000000e-01
36 267 -3.4804991000000e-01
37 267 -1.7400510000000e-01
39 267 -3.1146396000000e-01
40 267 -3.0450482000000e-01
41 267 -2.2968311000000e-01
42 267 -2.9580470000000e-01
43 267 -1.5660261000000e-01
44 267 -6.9610006000000e-01
45 267 -1.4268056000000e-01
46 267 -6.0900748000000e-01
47 267 -1.3572156000000e-01
48 267 -8.1781745000000e-01
49 267 -1.0440204000000e-01
50 267 -7.8474998000000e-01
54 267  2.9100996000000e-01
55 267  1.2799996000000e-01
99 267  5.9999999000000e-01
103 267  1.2129999000000e-01
104 267  3.8119988000000e-01
107 267  4.1199988000000e-01
189 267 -2.6100739000000e-01
193 267 -1.3398133000000e-01
195 267 -1.0092154000000e-01
197 267  9.9843395000000e-01
206 267  1.0100000000000e-01
5 268 -1.0000000000000e-01
6 268  1.0000000000000e-01
187 268  1.0000000000000e-01
198 268 -1.0000000000000e-01
5 269 -1.0000000000000e-01
6 269  1.0000000000000e-01
188 269  1.0000000000000e-01
199 269 -1.0000000000000e-01
5 270 -1.0000000000000e-01
6 270  1.0000000000000e-01
189 270  1.0000000000000e-01
200 270 -1.0000000000000e-01
5 271 -1.0000000000000e-01
6 271  1.0000000000000e-01
192 271  1.0000000000000e-01
201 271 -1.0000000000000e-01
5 272 -1.0000000000000e-01
6 272  1.0000000000000e-01
193 272  1.0000000000000e-01
202 272 -1.0000000000000e-01
5 273 -1.0000000000000e-01
6 273  1.0000000000000e-01
194 273  1.0000000000000e-01
203 273 -1.0000000000000e-01
5 274 -1.0000000000000e-01
6 274  1.0000000000000e-01
195 274  1.0000000000000e-01
204 274 -1.0000000000000e-01
5 275 -1.0000000000000e-01
6 275  1.0000000000000e-01
196 275  1.0000000000000e-01
205 275 -1.0000000000000e-01
5 276 -1.0000000000000e-01
6 276  1.0000000000000e-01
197 276  1.0000000000000e-01
206 276 -1.0000000000000e-01
5 277 -1.0000000000000e-01
207 277 -1.0000000000000e-01
