  0.0000000000000000e+000  2.0335697607948031e+001
  5.0000000000000000e-001  2.0719358220096364e+001
  1.0000000000000000e+000  2.1309927757781853e+001
  1.5000000000000000e+000  2.3066183001586531e+001
  2.0000000000000000e+000  2.3824612143477353e+001
  2.5000000000000000e+000  2.5715990928300887e+001
  3.0000000000000000e+000  2.6716504578455503e+001
  3.5000000000000000e+000  2.5809555557264318e+001
  4.0000000000000000e+000  2.7068891560351268e+001
  4.5000000000000000e+000  2.0416542594516592e+001
  5.0000000000000000e+000  2.6662367367543762e+001
  5.5000000000000000e+000  2.7140269643823373e+001
  6.0000000000000000e+000  2.8862153776645151e+001
  6.5000000000000000e+000  3.0144996526424691e+001
  7.0000000000000000e+000  3.1180709671327456e+001
  7.5000000000000000e+000  3.1361623317118301e+001
  8.0000000000000000e+000  3.7242860497259528e+001
  8.5000000000000000e+000  3.1031399459026652e+001
  9.0000000000000000e+000  3.0665731369702513e+001
  9.5000000000000000e+000  3.0288371921215077e+001
  1.0000000000000000e+001  3.0191165605362563e+001